1520530321449856256 0.15897 -0.04214 -0.18082 0.99821 0.05306 0.00008 0.02762
1520530321549859328 0.19280 0.01596 -0.25545 0.99699 0.07382 -0.00289 0.02334
1520530321649862400 0.19068 0.08440 -0.27788 0.99230 0.11806 -0.01240 0.03532
1520530321749865216 0.16574 0.13503 -0.27507 0.98470 0.16421 -0.02644 0.05187
1520530321850151936 0.13296 0.16386 -0.24499 0.97881 0.18840 -0.04253 0.06809
1520530321950155008 0.08204 0.18290 -0.17869 0.97788 0.18382 -0.05128 0.08564
1520530322050158080 0.01542 0.18210 -0.08530 0.97843 0.17117 -0.06044 0.09857
1520530322150161920 -0.04187 0.16648 -0.02395 0.98347 0.13796 -0.05881 0.10143
1520530326650213376 0.06801 0.07040 0.10659 0.98595 0.10428 -0.03009 -0.12701
1520530326750426624 0.16917 0.17496 0.12558 0.97587 0.16229 0.01044 -0.14569
1520530326850429440 0.22478 0.16907 0.19270 0.97473 0.15496 0.01692 -0.15999
1520530326950432256 0.29740 0.15354 0.25974 0.97720 0.12510 0.04601 -0.16528
1520530327050437376 0.39450 0.14461 0.32269 0.97694 0.09146 0.10552 -0.16150
1520530327150430720 0.52207 0.14471 0.36974 0.97462 0.06487 0.15826 -0.14447
1520530327250434560 0.65415 0.14694 0.40226 0.97647 0.04650 0.17224 -0.12112
1520530327350436608 0.78188 0.15967 0.40733 0.98281 0.04280 0.15510 -0.09056
1520530327450440704 0.89188 0.18169 0.37203 0.98672 0.06570 0.13696 -0.05748
1520530327550089984 0.99868 0.20505 0.30835 0.98742 0.08872 0.13078 -0.00509
1520530327650103040 1.10703 0.23656 0.23597 0.98331 0.11369 0.12885 0.05981
1520530327750096128 1.21538 0.25785 0.17731 0.96816 0.16824 0.11993 0.14134
1520530327850099200 1.31541 0.24563 0.15109 0.94857 0.19964 0.09280 0.22747
1520530327950102016 1.40347 0.19100 0.16087 0.94044 0.17726 0.05734 0.28437
1520530328050281728 1.48533 0.10498 0.19525 0.93063 0.13270 0.01197 0.34085
1520530328150284800 1.57472 0.02039 0.24356 0.92089 0.08179 -0.00841 0.38105
1520530328250287872 1.67685 -0.05299 0.30598 0.92516 0.03833 -0.00656 0.37759
1520530328350290688 1.73599 -0.13644 0.35418 0.95088 0.02808 -0.00438 0.30826
1520530328450337536 1.75308 -0.23030 0.37556 0.97996 0.03553 -0.00214 0.19599
1520530328550341632 1.71638 -0.31569 0.37575 0.99739 0.02552 0.00145 0.06755
1520530328650345472 1.68800 -0.39378 0.35115 0.99774 -0.00068 0.02746 -0.06140
1520530328750347520 1.63420 -0.43929 0.35891 0.98313 0.00585 0.05259 -0.17506
1520530328850087168 1.53813 -0.40454 0.36025 0.97051 0.02896 0.07376 -0.22767
1520530328950091008 1.48012 -0.36193 0.36914 0.97512 0.04217 0.07700 -0.20353
1520530329050093056 1.46631 -0.32592 0.36404 0.98758 0.04731 0.06871 -0.13310
1520530329150097152 1.47454 -0.24495 0.35047 0.99593 0.05118 0.05550 -0.04914
1520530329250095104 1.51000 -0.18519 0.34588 0.99726 0.05209 0.02836 0.04413
1520530329350049280 1.56418 -0.17247 0.34382 0.98948 0.03863 -0.01131 0.13897
1520530329450052352 1.63006 -0.15988 0.34204 0.97968 0.03068 -0.05639 0.19000
1520530329550055168 1.68475 -0.15576 0.34820 0.98004 0.03492 -0.10560 0.16478
1520530329650098688 1.70689 -0.15817 0.35263 0.98090 0.04137 -0.16776 0.08933
1520530329750101760 1.68774 -0.14674 0.37092 0.97092 0.03213 -0.23721 -0.00227
1520530329850104832 1.58766 -0.10081 0.37293 0.95332 0.01784 -0.28670 -0.09307
1520530329950108928 1.45294 -0.08547 0.35207 0.93350 0.04123 -0.30946 -0.17636
1520530330050161408 1.38419 -0.07394 0.33550 0.91782 0.08736 -0.29756 -0.24787
1520530330150164480 1.31969 -0.05354 0.32605 0.91446 0.12434 -0.22632 -0.31158
1520530330250167296 1.25267 -0.03138 0.33327 0.91253 0.12817 -0.13055 -0.36580
1520530330350170368 1.20075 0.00188 0.35579 0.90712 0.11414 -0.00005 -0.40511
1520530330450787328 1.18409 0.02862 0.38650 0.89944 0.10479 0.14316 -0.39941
1520530330550790400 1.22806 0.07086 0.40497 0.89752 0.11619 0.25352 -0.34159
1520530330650793216 1.28178 0.05629 0.40654 0.90454 0.13936 0.31933 -0.24580
1520530330750797312 1.36593 0.02805 0.39368 0.91283 0.15392 0.35697 -0.12496
1520530330850366720 1.47185 -0.01665 0.36625 0.91978 0.17477 0.35125 -0.00902
1520530330950278656 1.58880 -0.04375 0.33084 0.92738 0.19980 0.30281 0.09142
1520530331050281728 1.70617 -0.07033 0.29875 0.93193 0.21903 0.23798 0.16401
1520530331150284800 1.81660 -0.11969 0.27530 0.93751 0.23023 0.16279 0.20388
1520530331250735360 1.91135 -0.18013 0.26810 0.94545 0.23013 0.06682 0.22070
1520530331350738176 1.98575 -0.24167 0.28410 0.95820 0.19653 -0.03872 0.20430
1520530331450741248 2.01576 -0.29320 0.31596 0.96774 0.13778 -0.14587 0.15239
1520530331550744320 2.00410 -0.34986 0.34650 0.96265 0.07570 -0.25183 0.06453
1520530331650479104 1.95508 -0.39894 0.36006 0.94581 0.04307 -0.31760 -0.05223
1520530331750482944 1.91146 -0.44869 0.34139 0.92446 0.03440 -0.34086 -0.16733
1520530331850486016 1.75726 -0.45497 0.33675 0.90318 0.04338 -0.32678 -0.27495
1520530331950489088 1.53988 -0.37004 0.32460 0.88895 0.06236 -0.27502 -0.36090
1520530332050387456 1.39753 -0.24825 0.33322 0.87843 0.08370 -0.20661 -0.42270
1520530332150390272 1.31674 -0.19174 0.36029 0.86792 0.10209 -0.12291 -0.47031
1520530332250393344 1.26971 -0.13979 0.41256 0.86153 0.10406 -0.01896 -0.49657
1520530332350396416 1.27457 -0.09789 0.46608 0.86859 0.08674 0.09542 -0.47846
1520530332450399488 1.31664 -0.10293 0.51460 0.87972 0.06829 0.19667 -0.42749
1520530332550483456 1.38065 -0.14241 0.53406 0.89375 0.05393 0.28090 -0.34554
1520530332650487552 1.46582 -0.20315 0.51693 0.91014 0.05375 0.33423 -0.23884
1520530332750490624 1.56022 -0.25966 0.46315 0.92018 0.07408 0.35947 -0.13622
1520530332850493696 1.66601 -0.30511 0.39509 0.93420 0.09949 0.33887 -0.05046
1520530332950166016 1.77398 -0.34187 0.32006 0.94836 0.12939 0.28792 0.03114
1520530333050169088 1.86740 -0.37421 0.25915 0.95511 0.16777 0.21859 0.10882
1520530333150172928 1.94693 -0.40158 0.23515 0.95202 0.18432 0.15248 0.19086
1520530333250174976 2.00228 -0.42799 0.24738 0.94358 0.17043 0.08502 0.27088
1520530333350609920 2.02793 -0.45809 0.27928 0.92902 0.13891 0.00743 0.34288
1520530333450612992 2.02451 -0.48472 0.31486 0.90498 0.10483 -0.06174 0.40768
1520530333550616064 2.01849 -0.50065 0.33895 0.89210 0.08157 -0.09671 0.43376
1520530333650618880 2.01882 -0.53325 0.35051 0.91568 0.07768 -0.10587 0.37984
1520530333750542336 1.96569 -0.56639 0.36296 0.95558 0.06581 -0.10864 0.26597
1520530333850545408 1.90586 -0.60197 0.37877 0.98913 0.01044 -0.09082 0.11520
1520530333950549248 1.82459 -0.56276 0.39339 0.99556 -0.07038 -0.04294 -0.04539
1520530334050551296 1.75992 -0.46708 0.39510 0.97655 -0.13400 0.01676 -0.16765
1520530334150217984 1.73774 -0.39094 0.39453 0.96216 -0.17844 0.03576 -0.20280
1520530334250221056 1.74753 -0.33158 0.37756 0.96661 -0.16789 0.02526 -0.19193
1520530334350224128 1.76857 -0.31359 0.34562 0.98371 -0.05605 0.00574 -0.17070
1520530334450226944 1.75400 -0.31136 0.31565 0.98713 0.05599 -0.01397 -0.14912
1520530334550085888 1.75273 -0.29731 0.27671 0.97923 0.14866 -0.03028 -0.13451
1520530334650088704 1.75419 -0.29039 0.24212 0.96376 0.23225 -0.04056 -0.12480
1520530334750091776 1.75933 -0.28979 0.20677 0.93989 0.31775 -0.05285 -0.11336
1520530334850094848 1.77145 -0.28917 0.16948 0.90678 0.40217 -0.07066 -0.10496
1520530334950927616 1.79354 -0.29676 0.14685 0.87816 0.45922 -0.08442 -0.10403
1520530335050930688 1.80866 -0.31574 0.15845 0.89343 0.42621 -0.08438 -0.11404
1520530335150933760 1.81257 -0.35551 0.20010 0.93125 0.33208 -0.07070 -0.13226
1520530335250936576 1.79865 -0.36877 0.25883 0.96293 0.21766 -0.05134 -0.15087
1520530335351457280 1.79607 -0.37721 0.31748 0.98136 0.09954 -0.03596 -0.16040
1520530335451459328 1.78508 -0.37470 0.37768 0.98642 -0.01217 -0.02278 -0.16218
1520530335551462400 1.78032 -0.35771 0.41318 0.98265 -0.09438 -0.01212 -0.15921
1520530335651465472 1.78680 -0.34643 0.44006 0.97600 -0.15707 -0.00380 -0.15079
1520530335750222592 1.79381 -0.33560 0.45566 0.97269 -0.18438 -0.00350 -0.14094
1520530335850225664 1.80134 -0.32502 0.44834 0.98239 -0.13717 -0.00984 -0.12649
1520530335950228736 1.81805 -0.31700 0.42040 0.99428 -0.05047 -0.01903 -0.09224
1520530336050231808 1.84399 -0.31108 0.37346 0.99674 0.06240 -0.01217 -0.04974
1520530336150177280 1.89110 -0.31514 0.33030 0.99036 0.13837 0.00638 -0.00038
1520530336250180352 1.95585 -0.32940 0.29229 0.98623 0.15730 0.02210 0.04601
1520530336350183168 2.03306 -0.35555 0.27568 0.98529 0.14057 0.01265 0.09634
1520530336450186240 2.10020 -0.39337 0.30069 0.98747 0.07146 -0.02547 0.13837
1520530336550581760 2.12949 -0.43127 0.36525 0.98625 -0.00960 -0.07895 0.14484
1520530336650585600 2.11719 -0.46194 0.43831 0.98149 -0.06242 -0.12119 0.13453
1520530336750587648 2.06660 -0.48672 0.49751 0.98068 -0.08837 -0.14055 0.10343
1520530336850590720 1.98341 -0.50426 0.52922 0.98300 -0.09900 -0.14406 0.05618
1520530336950593792 1.88118 -0.50693 0.51341 0.98526 -0.09727 -0.14066 0.00294
1520530337050259200 1.78726 -0.48393 0.43412 0.98857 -0.05450 -0.13569 -0.03679
1520530337150262016 1.69941 -0.43097 0.32135 0.98868 0.01128 -0.12984 -0.07440
1520530337250265088 1.61731 -0.34895 0.20863 0.98341 0.07194 -0.11640 -0.11911
1520530337350269440 1.54179 -0.23966 0.11890 0.97333 0.10572 -0.10310 -0.17555
1520530337450302976 1.47431 -0.10830 0.05926 0.95735 0.12735 -0.09552 -0.24114
1520530337550306048 1.42333 0.02176 0.04160 0.93724 0.13891 -0.08857 -0.30731
1520530337650309120 1.38401 0.13407 0.08007 0.92045 0.12158 -0.07077 -0.36468
1520530337750312192 1.35581 0.19033 0.17091 0.90856 0.09381 -0.02508 -0.40631
1520530337850854656 1.33096 0.21177 0.27325 0.90482 0.06542 0.00097 -0.42075
1520530337950857728 1.31016 0.21102 0.37259 0.90375 0.03549 0.02414 -0.42591
1520530338050861568 1.30414 0.18299 0.46184 0.90992 -0.00240 0.05542 -0.41107
1520530338150863616 1.32033 0.12819 0.53089 0.92562 -0.03202 0.07580 -0.36941
1520530338250472448 1.36081 0.04745 0.56147 0.94240 -0.01528 0.08074 -0.32425
1520530338350475520 1.43017 -0.02691 0.54193 0.95661 0.01362 0.08536 -0.27824
1520530338450478592 1.52155 -0.11009 0.48008 0.97063 0.03637 0.06598 -0.22847
1520530338550481664 1.63618 -0.18732 0.38573 0.97839 0.08409 0.03248 -0.18608
1520530338650260736 1.76291 -0.24518 0.26960 0.97750 0.14325 -0.00122 -0.15480
1520530338750265856 1.90410 -0.27625 0.14934 0.97365 0.19241 -0.02159 -0.12052
1520530338850266624 2.05789 -0.28398 0.03458 0.96851 0.23040 -0.03030 -0.08933
1520530338950269696 2.21606 -0.26812 -0.06759 0.95641 0.28439 -0.04157 -0.05167
1520530339050958848 2.35983 -0.24299 -0.14980 0.94045 0.33695 -0.04435 -0.00756
1520530339150961920 2.49470 -0.22092 -0.19560 0.92815 0.36435 -0.05046 0.05699
1520530339250964992 2.62199 -0.20884 -0.19930 0.91864 0.36992 -0.04899 0.12983
1520530339350967808 2.72708 -0.21770 -0.16407 0.91356 0.35447 -0.06232 0.18942
1520530339451687424 2.82006 -0.26129 -0.08860 0.91581 0.30770 -0.09657 0.23936
1520530339551690240 2.87840 -0.32153 0.00037 0.92491 0.23751 -0.13385 0.26499
1520530339651693312 2.90752 -0.39247 0.10410 0.93763 0.15931 -0.16912 0.25859
1520530339751697408 2.88439 -0.47127 0.20834 0.94831 0.09047 -0.19549 0.23302
1520530339851056384 2.80839 -0.56222 0.29631 0.95796 0.02984 -0.21122 0.19187
1520530339951059456 2.70902 -0.62405 0.36711 0.96095 -0.01542 -0.23108 0.15147
1520530340051062272 2.60915 -0.65243 0.41786 0.96996 -0.06453 -0.21146 0.10146
1520530340151065344 2.50099 -0.64491 0.43827 0.97346 -0.11181 -0.19268 0.05236
1520530340250395392 2.37348 -0.57932 0.40360 0.97763 -0.10928 -0.17971 0.00223
1520530340350399232 2.24788 -0.50226 0.32353 0.98187 -0.07799 -0.16636 -0.04667
1520530340450401280 2.13677 -0.39518 0.22589 0.98376 -0.04354 -0.14856 -0.09089
1520530340550404352 2.03831 -0.29600 0.11594 0.98186 -0.00148 -0.13019 -0.13787
1520530340650346752 1.94827 -0.17586 0.01233 0.97578 0.04089 -0.11023 -0.18449
1520530340750349824 1.87472 -0.06497 -0.07072 0.96810 0.07199 -0.09343 -0.22108
1520530340850352640 1.81414 0.05664 -0.13012 0.96028 0.08828 -0.08398 -0.25103
1520530340950355712 1.77550 0.17022 -0.15841 0.95320 0.09854 -0.07158 -0.27673
1520530341050773760 1.76754 0.25902 -0.15254 0.94955 0.10123 -0.05115 -0.29237
1520530341150776832 1.79011 0.30533 -0.11790 0.95260 0.09359 -0.03104 -0.28781
1520530341250779904 1.83419 0.30525 -0.07061 0.96093 0.07227 -0.02290 -0.26621
1520530341350783744 1.88417 0.26665 -0.02661 0.97127 0.05117 -0.03622 -0.22959
1520530341450786816 1.93075 0.21396 0.01027 0.97852 0.04745 -0.04685 -0.19505
1520530341550713856 1.96979 0.14843 0.03925 0.98345 0.04533 -0.05080 -0.16789
1520530341650716672 2.00247 0.07612 0.05709 0.98717 0.03064 -0.05129 -0.14810
1520530341750719744 2.03389 0.00257 0.07069 0.99023 0.01890 -0.05113 -0.12831
1520530341850722816 2.06501 -0.06799 0.06977 0.99113 0.03906 -0.05248 -0.11570
1520530341950578176 2.09203 -0.13994 0.06095 0.98917 0.07877 -0.04860 -0.11393
1520530342050546176 2.11455 -0.21273 0.04593 0.98596 0.09752 -0.04564 -0.12767
1520530342150549248 2.13470 -0.28355 0.03255 0.98229 0.08554 -0.03786 -0.16234
1520530342250553088 2.15149 -0.35072 0.02513 0.97716 0.05064 -0.04005 -0.20247
1520530342350674688 2.15799 -0.40965 0.02863 0.96724 0.02348 -0.04006 -0.24959
1520530342450677760 2.15863 -0.46608 0.03508 0.95246 0.01366 -0.04713 -0.30070
1520530342550680576 2.14432 -0.52113 0.03049 0.93896 0.01535 -0.06491 -0.33749
1520530342650683648 2.10960 -0.57796 0.01787 0.93125 0.03452 -0.07415 -0.35508
1520530342750643968 2.03590 -0.63271 -0.00048 0.92139 0.06815 -0.08138 -0.37387
1520530342850647808 1.94539 -0.67601 -0.01720 0.90912 0.08506 -0.10207 -0.39477
1520530342950650880 1.86636 -0.72333 -0.03158 0.89901 0.07499 -0.11662 -0.41539
1520530343050653952 1.78461 -0.77008 -0.03762 0.88506 0.07869 -0.12220 -0.44221
1520530343151132928 1.70294 -0.79855 -0.02923 0.86824 0.06872 -0.12832 -0.47432
1520530343251135744 1.62043 -0.83738 -0.02460 0.84610 0.04238 -0.11314 -0.51915
1520530343351139840 1.53563 -0.86800 -0.03491 0.81514 0.02809 -0.10682 -0.56864
1520530343451143936 1.44626 -0.89500 -0.05042 0.78100 0.02173 -0.09177 -0.61737
1520530343551475456 1.35259 -0.93342 -0.05349 0.75057 0.01727 -0.07428 -0.65638
1520530343651407360 1.25380 -0.96473 -0.04633 0.72082 0.01139 -0.07034 -0.68945
1520530343751410432 1.15597 -0.97241 -0.03236 0.66365 0.01505 -0.07056 -0.74455
1520530343851414528 1.06400 -0.96237 -0.02916 0.60538 0.00126 -0.07776 -0.79212
1520530343951401728 0.98092 -0.93110 -0.04715 0.55105 -0.01467 -0.08844 -0.82965
1520530344051404800 0.89919 -0.90563 -0.07423 0.51886 -0.02995 -0.10240 -0.84817
1520530344151407616 0.82425 -0.87289 -0.08082 -0.49379 0.03252 0.11652 0.86113
1520530344251410688 0.74097 -0.85229 -0.06191 -0.46338 0.02729 0.13315 0.87568
1520530344351408384 0.65913 -0.83381 -0.04218 -0.42818 0.04739 0.13117 0.89287
1520530344451412480 0.58397 -0.81423 -0.04306 -0.38098 0.05553 0.11588 0.91561
1520530344551415552 0.52597 -0.78480 -0.05175 -0.32555 0.05280 0.10938 0.93769
1520530344651418368 0.46389 -0.77232 -0.06388 -0.26650 0.05857 0.10848 0.95592
1520530344751636224 0.42274 -0.76366 -0.05554 -0.21206 0.06447 0.11214 0.96866
1520530344851639296 0.38125 -0.75717 -0.03776 -0.12891 0.05982 0.10889 0.98384
1520530344951642368 0.34249 -0.65671 -0.03559 -0.05729 0.07208 0.10433 0.99027
1520530345051645184 0.39488 -0.58029 -0.03947 0.00011 0.08640 0.09950 0.99128
1520530345151845376 0.43029 -0.54126 -0.05958 0.02960 0.10561 0.09617 0.98930
1520530345251744512 0.51941 -0.49787 -0.05498 0.05425 0.11768 0.10206 0.98630
1520530345351747584 0.55224 -0.46072 -0.04102 0.07425 0.13290 0.11565 0.98155
1520530345451751424 0.57059 -0.41865 -0.03618 0.10255 0.14297 0.11596 0.97755
1520530345551194624 0.58879 -0.35788 -0.05127 0.14582 0.13532 0.12886 0.97150
1520530345651197696 0.61243 -0.29110 -0.06997 0.17700 0.13732 0.13765 0.96481
1520530345751200768 0.65183 -0.26017 -0.06852 0.22141 0.13322 0.13491 0.95657
1520530345851203584 0.70001 -0.19552 -0.05326 0.28774 0.13390 0.12946 0.93942
1520530345951161344 0.75539 -0.21106 -0.01791 0.37365 0.12099 0.10182 0.91399
1520530346051476480 0.82592 -0.20114 0.00694 0.43917 0.12174 0.06623 0.88765
1520530346151479552 0.89458 -0.20323 0.00521 0.49055 0.12441 0.04428 0.86135
1520530346251483392 0.95738 -0.20792 -0.00715 0.52374 0.12309 0.03509 0.84221
1520530346351486464 1.01731 -0.21120 0.00471 0.54535 0.11761 0.03027 0.82937
1520530346451378176 1.07125 -0.23417 0.02932 0.57008 0.11454 0.02882 0.81306
1520530346551380224 1.13228 -0.25556 0.04909 0.59966 0.11213 0.02614 0.79193
1520530346651383040 1.20815 -0.27766 0.05766 0.62865 0.09956 0.01391 0.77117
1520530346751386112 1.28782 -0.30940 0.06483 0.65819 0.08155 -0.00518 0.74840
1520530346851545600 1.34930 -0.37116 0.08012 0.69877 0.05941 -0.00737 0.71284
1520530346951548672 1.42341 -0.42738 0.10369 0.74178 0.05437 0.01359 0.66829
1520530347051552512 1.47115 -0.50356 0.12336 0.78091 0.06425 0.01884 0.62104
1520530347151555584 1.53275 -0.57367 0.12608 0.80513 0.08362 0.01224 0.58704
1520530347251401984 1.60553 -0.64213 0.11660 0.81561 0.09255 0.00863 0.57109
1520530347351404800 1.67289 -0.70341 0.12082 0.81901 0.08609 0.00506 0.56726
1520530347451407872 1.75285 -0.77139 0.15138 0.82377 0.07812 0.00544 0.56149
1520530347551410944 1.81875 -0.83795 0.18120 0.82629 0.08282 -0.00837 0.55706
1520530347651219968 1.87958 -0.90889 0.19295 0.83263 0.08523 -0.01950 0.54688
1520530347751223040 1.95508 -0.99522 0.18023 0.84415 0.07208 -0.03188 0.53028
1520530347851226112 2.02798 -1.08734 0.16281 0.86060 0.07032 -0.03655 0.50307
1520530347951229184 2.09228 -1.17970 0.16472 0.87854 0.08731 -0.03654 0.46820
1520530348051163904 2.14790 -1.27605 0.18138 0.90107 0.09478 -0.04041 0.42126
1520530348151167744 2.19873 -1.36890 0.19131 0.92170 0.09333 -0.04683 0.37357
1520530348251169792 2.25752 -1.46066 0.18026 0.93676 0.09536 -0.06220 0.33092
1520530348351172864 2.30584 -1.55323 0.16352 0.94677 0.08729 -0.07834 0.29978
1520530348451416576 2.33090 -1.63121 0.16191 0.95834 0.07005 -0.07379 0.26691
1520530348551419392 2.36041 -1.72261 0.17903 0.96624 0.06689 -0.07472 0.23733
1520530348651423488 2.37032 -1.81017 0.18818 0.97475 0.06600 -0.07603 0.19932
1520530348751426560 2.38533 -1.91610 0.18545 0.98292 0.05464 -0.07926 0.15687
1520530348851314432 2.39494 -2.03241 0.17842 0.98813 0.04219 -0.09251 0.11516
1520530348951317504 2.38374 -2.16121 0.18295 0.99303 0.03491 -0.09774 0.05584
1520530349051320576 2.27582 -2.13894 0.20355 0.99492 0.03638 -0.09153 -0.02073
1520530349151324416 2.20339 -2.19868 0.22637 0.98906 0.02643 -0.09781 -0.10723
1520530349251106048 2.17431 -2.41356 0.23345 0.97661 0.00875 -0.10985 -0.18461
1520530349351109120 2.07920 -2.42984 0.22079 0.96135 -0.01222 -0.12523 -0.24489
1520530349451111936 2.00564 -2.49577 0.20508 0.95096 -0.02962 -0.13335 -0.27753
1520530349551115008 1.90343 -2.43363 0.22599 0.94198 -0.03358 -0.11895 -0.31209
1520530349650934784 1.81732 -2.42100 0.22561 0.92791 -0.03412 -0.12049 -0.35114
1520530349750942720 1.72690 -2.42364 0.20984 0.90945 -0.03254 -0.12941 -0.39383
1520530349850940672 1.62244 -2.44730 0.18939 0.88601 -0.03457 -0.13428 -0.44244
1520530349950943744 1.51210 -2.46577 0.16776 0.86156 -0.04021 -0.14822 -0.48387
1520530350051376384 1.40215 -2.44410 0.16683 0.82882 -0.01785 -0.15877 -0.53623
1520530350151379456 1.31249 -2.38867 0.17985 0.78036 -0.01042 -0.15148 -0.60662
1520530350251383552 1.19671 -2.35649 0.19754 0.72584 -0.03737 -0.14522 -0.67132
1520530350351386624 1.09299 -2.31393 0.19098 0.67674 -0.05755 -0.14439 -0.71963
1520530350451514624 0.97043 -2.28311 0.17750 0.64010 -0.06991 -0.13767 -0.75262
1520530350551517696 0.90835 -2.22873 0.17456 0.61372 -0.07348 -0.12146 -0.77666
1520530350651520768 0.84795 -2.17187 0.19275 0.59597 -0.07050 -0.11895 -0.79101
1520530350751523840 0.76597 -2.11458 0.20227 0.57518 -0.06923 -0.12142 -0.80600
1520530350851526656 0.68432 -2.04994 0.19680 0.55000 -0.07613 -0.10775 -0.82468
1520530350951572736 0.60049 -1.97549 0.18478 0.52926 -0.09631 -0.08580 -0.83860
1520530351051575552 0.52854 -1.88257 0.18499 -0.49414 0.10109 0.06634 0.86093
1520530351151578624 0.45500 -1.78749 0.20521 -0.43887 0.09884 0.05840 0.89119
1520530351251581696 0.37477 -1.67615 0.22604 -0.37269 0.11040 0.04838 0.92010
1520530351351680000 0.29673 -1.56516 0.22345 -0.31694 0.11652 0.05804 0.93947
1520530351451683072 0.23003 -1.45629 0.20107 -0.28256 0.12101 0.06645 0.94926
1520530351551686144 0.17827 -1.36055 0.18722 -0.26570 0.12033 0.05532 0.95491
1520530351651688960 0.12656 -1.26617 0.19120 -0.25259 0.10814 0.05809 0.95975
1520530351751695872 0.06838 -1.16919 0.19433 -0.24635 0.11510 0.08483 0.95858
1520530351851699968 0.00365 -1.06147 0.18453 -0.22314 0.10675 0.09680 0.96408
1520530351951703040 -0.06173 -0.93260 0.16205 -0.18704 0.10326 0.08366 0.97332
1520530352051706112 -0.10668 -0.79448 0.14690 -0.14686 0.10480 0.06488 0.98145
1520530352151806464 -0.14154 -0.66249 0.14880 -0.09363 0.09285 0.06427 0.98918
1520530352251809280 -0.15670 -0.53016 0.16529 -0.02837 0.09652 0.06993 0.99247
1520530352351812352 -0.14729 -0.41576 0.17499 0.04026 0.10771 0.06895 0.99097
1520530352451816448 -0.11359 -0.32306 0.16593 0.09913 0.12147 0.06032 0.98579
1520530352551470848 -0.05503 -0.26645 0.15137 0.12828 0.13426 0.05057 0.98131
1520530352651473664 0.01211 -0.21830 0.15121 0.14760 0.12373 0.05531 0.97972
1520530352751476736 0.08212 -0.16517 0.16498 0.16694 0.12906 0.07050 0.97494
1520530352851479808 0.15348 -0.09742 0.17288 0.20068 0.13796 0.07302 0.96714
1520530352951099136 0.23037 -0.02589 0.16821 0.24845 0.13541 0.06250 0.95710
1520530353051102208 0.31196 0.05936 0.15092 0.28912 0.13857 0.04939 0.94592
1520530353151105280 0.39983 0.13534 0.14688 0.34487 0.12138 0.05232 0.92930
1520530353251108096 0.49273 0.20069 0.16136 0.41873 0.11247 0.05605 0.89938
1520530353351397632 0.59636 0.24063 0.17663 0.49659 0.12346 0.03673 0.85838
1520530353451400704 0.70083 0.26196 0.17183 0.56343 0.13851 0.01638 0.81431
1520530353551403776 0.80522 0.25528 0.15128 0.60068 0.15569 0.00044 0.78419
1520530353651406848 0.91153 0.26106 0.14687 0.61271 0.15968 0.00551 0.77399
1520530353751735808 1.01675 0.25619 0.15821 0.62232 0.15873 0.00646 0.76647
1520530353851738624 1.11924 0.24619 0.17566 0.64159 0.16847 -0.00669 0.74829
1520530353951741696 1.20124 0.20327 0.18377 0.67393 0.16372 -0.01070 0.72035
1520530354051744768 1.30187 0.17638 0.17947 0.70432 0.15152 -0.02242 0.69316
1520530354151896320 1.39751 0.13479 0.17743 0.73654 0.13063 -0.02853 0.66305
1520530354251899136 1.49404 0.09918 0.18739 0.77584 0.12126 -0.01060 0.61908
1520530354351902208 1.57073 0.04002 0.20573 0.81895 0.12176 -0.00258 0.56079
1520530354451905280 1.65147 -0.00976 0.21128 0.85108 0.12008 -0.01976 0.51074
1520530354551593728 1.70953 -0.07819 0.20475 0.87191 0.11127 -0.03961 0.47521
1520530354651594752 1.77936 -0.14156 0.19690 0.87483 0.10377 -0.06539 0.46865
1520530354751596800 1.82035 -0.20589 0.20810 0.87556 0.09122 -0.06958 0.46930
1520530354851599616 1.87988 -0.26358 0.22367 0.87340 0.09263 -0.06773 0.47330
1520530354951359232 1.96543 -0.31845 0.22539 0.87438 0.09321 -0.06918 0.47115
1520530355051362048 2.03929 -0.38376 0.20873 0.88282 0.08582 -0.07006 0.45646
1520530355151365120 2.09629 -0.45494 0.19317 0.89642 0.07386 -0.07634 0.43029
1520530355251367936 2.14861 -0.53545 0.19542 0.91601 0.06346 -0.07825 0.38829
1520530355351371008 2.18386 -0.62189 0.21143 0.93818 0.06269 -0.07703 0.33158
1520530355451408384 2.20571 -0.70607 0.22375 0.95783 0.06550 -0.08176 0.26757
1520530355551411456 2.21513 -0.78410 0.21715 0.96855 0.06478 -0.09406 0.22106
1520530355651415552 2.21800 -0.85661 0.20269 0.97288 0.04315 -0.11473 0.19618
1520530355751418368 2.22609 -0.93996 0.19853 0.97613 0.01853 -0.12661 0.17546
1520530355851533056 2.19320 -0.99523 0.20855 0.98101 0.01033 -0.11677 0.15454
1520530355951535872 2.17562 -1.07261 0.21397 0.98622 0.01617 -0.11078 0.12179
1520530356051538944 2.14458 -1.14044 0.21024 0.99103 0.01523 -0.10601 0.07994
1520530356151542016 2.08818 -1.19523 0.20248 0.99276 0.00896 -0.11110 0.04476
1520530356251379968 2.02151 -1.25571 0.19604 0.99378 0.00642 -0.11108 -0.00510
1520530356351379968 1.95936 -1.32959 0.20727 0.99170 0.01026 -0.10624 -0.07173
1520530356451382784 1.89404 -1.41469 0.22845 0.98246 0.00501 -0.10460 -0.15426
1520530356551385856 1.81331 -1.46310 0.23302 0.96684 -0.00426 -0.11700 -0.22699
1520530356651234304 1.71963 -1.47270 0.22993 0.95139 -0.02099 -0.11853 -0.28348
1520530356751237376 1.62929 -1.49569 0.21648 0.93893 -0.03938 -0.12104 -0.31969
1520530356851240448 1.52364 -1.53276 0.22367 0.92676 -0.04332 -0.11804 -0.35399
1520530356951243520 1.42301 -1.55921 0.23910 0.91118 -0.04251 -0.12693 -0.38966
1520530357051153664 1.31617 -1.59236 0.24264 0.89220 -0.04089 -0.13261 -0.42978
1520530357151156736 1.19744 -1.63382 0.22975 0.86990 -0.04476 -0.12776 -0.47429
1520530357251159552 1.07155 -1.66191 0.21864 0.84281 -0.05263 -0.11214 -0.52376
1520530357351163648 0.94544 -1.67361 0.21921 0.80947 -0.05703 -0.09843 -0.57604
1520530357451660032 0.82067 -1.68299 0.23564 0.76578 -0.05436 -0.09223 -0.63412
1520530357551662848 0.71131 -1.66812 0.24001 0.71506 -0.06090 -0.09551 -0.68983
1520530357651665920 0.60191 -1.63503 0.23083 0.66853 -0.07431 -0.09417 -0.73395
1520530357751668992 0.49450 -1.59303 0.21845 0.63518 -0.09207 -0.08956 -0.76161
1520530357851585024 0.39401 -1.55120 0.22089 0.61523 -0.09245 -0.08249 -0.77855
1520530357951560192 0.30813 -1.50384 0.23599 0.59832 -0.07691 -0.08050 -0.79348
1520530358051563264 0.20635 -1.45942 0.24503 0.57788 -0.07855 -0.08099 -0.80828
1520530358151567104 0.10125 -1.40467 0.23911 0.55751 -0.08011 -0.07256 -0.82310
1520530358251624960 -0.00451 -1.34571 0.22395 0.53838 -0.07800 -0.06171 -0.83681
1520530358351628032 -0.12103 -1.29658 0.22269 0.50813 -0.07205 -0.05907 -0.85623
1520530358451631104 -0.20747 -1.24176 0.23833 -0.47920 0.07194 0.05839 0.87280
1520530358551634176 -0.32334 -1.17350 0.25365 -0.44319 0.07260 0.05302 0.89191
1520530358651798272 -0.41720 -1.10127 0.24895 -0.41007 0.07652 0.04853 0.90754
1520530358751801344 -0.49606 -1.02333 0.22428 -0.38519 0.08655 0.04802 0.91751
1520530358851805184 -0.52956 -0.93588 0.20144 -0.36115 0.09110 0.04741 0.92683
1520530358951808256 -0.56741 -0.84268 0.18719 -0.33579 0.08292 0.04685 0.93711
1520530359051805696 -0.60444 -0.74869 0.16558 -0.30965 0.09198 0.05744 0.94464
1520530359151808768 -0.61673 -0.65928 0.12891 -0.28218 0.09407 0.06885 0.95225
1520530359251811840 -0.63363 -0.55953 0.08524 -0.24256 0.09349 0.06480 0.96344
1520530359351814656 -0.63034 -0.46573 0.04582 -0.19672 0.08405 0.05386 0.97536
1520530359451918848 -0.63392 -0.36405 0.02527 -0.15132 0.07447 0.06196 0.98373
1520530359551870720 -0.62895 -0.26187 0.04006 -0.10286 0.06227 0.06179 0.99082
1520530359651873792 -0.60919 -0.16006 0.06988 -0.05100 0.06853 0.04852 0.99516
1520530359751877888 -0.56653 -0.06606 0.09981 -0.00086 0.08876 0.04646 0.99497
1520530359851880704 -0.51314 0.03264 0.12713 0.04375 0.10406 0.04817 0.99244
1520530359951827712 -0.44062 0.12147 0.17206 0.08815 0.10096 0.04729 0.98985
1520530360051830784 -0.35503 0.19793 0.23566 0.12802 0.09977 0.04709 0.98562
1520530360151833856 -0.25672 0.27464 0.30744 0.16792 0.09799 0.03583 0.98026
1520530360251836672 -0.14657 0.32716 0.38069 0.22438 0.08475 0.00976 0.97076
1520530360351317248 -0.03869 0.34130 0.46308 0.28593 0.06247 -0.02981 0.95575
1520530360451321088 0.05789 0.37014 0.54211 0.34306 0.04313 -0.06790 0.93586
1520530360551324160 0.14961 0.39192 0.60672 0.39983 0.02686 -0.08796 0.91197
1520530360651327232 0.24489 0.40927 0.63275 0.45835 0.02548 -0.08229 0.88459
1520530360750980096 0.35341 0.42268 0.61230 0.51546 0.02645 -0.06844 0.85377
1520530360850983168 0.46979 0.43256 0.55564 0.55999 0.01987 -0.05385 0.82651
1520530360950988032 0.59490 0.41825 0.48477 0.59348 0.02109 -0.03999 0.80358
1520530361051064064 0.70225 0.39585 0.39985 0.63000 0.03747 -0.02417 0.77532
1520530361151045120 0.80192 0.38442 0.31364 0.66281 0.06154 -0.00531 0.74624
1520530361251048192 0.88920 0.34833 0.22539 0.70298 0.07825 0.01060 0.70681
1520530361351051008 0.97501 0.30505 0.14201 0.74465 0.09587 0.02197 0.66017
1520530361451055104 1.03462 0.26221 0.06617 0.77937 0.11002 0.04350 0.61529
1520530361551692032 1.08013 0.20673 0.00860 0.80959 0.13244 0.07594 0.56680
1520530361651695104 1.11304 0.15028 -0.01833 0.84510 0.14958 0.08963 0.50537
1520530361751697920 1.12084 0.05521 -0.01635 0.88713 0.15542 0.08723 0.42572
1520530361851700992 1.17406 -0.02412 0.01300 0.92157 0.13816 0.07700 0.35453
1520530361951941376 1.14543 -0.14138 0.06782 0.94971 0.09328 0.06636 0.29145
1520530362051944192 1.19331 -0.23378 0.14224 0.96559 0.04823 0.06126 0.24813
1520530362151947264 1.18849 -0.35687 0.22760 0.97203 0.00604 0.05779 0.22755
1520530362251950336 1.18302 -0.43119 0.32906 0.97470 -0.02734 0.05141 0.21580
1520530362351623424 1.20843 -0.48015 0.40036 0.97359 -0.04866 0.04818 0.21778
1520530362451626240 1.26389 -0.50515 0.43087 0.97051 -0.04610 0.04420 0.23246
1520530362551629312 1.33891 -0.51667 0.42442 0.96328 -0.04771 0.03389 0.26205
1520530362651727104 1.42078 -0.51584 0.39888 0.95689 -0.04269 0.01368 0.28697
1520530362751363840 1.49523 -0.50487 0.36018 0.95402 -0.00438 0.00008 0.29972
1520530362851366656 1.56322 -0.48625 0.31778 0.95406 0.04708 -0.00835 0.29577
1520530362951369728 1.63210 -0.47795 0.29344 0.95339 0.08164 -0.00878 0.29036
1520530363051373824 1.68730 -0.49729 0.29894 0.94988 0.08899 -0.02146 0.29890
1520530363151649792 1.72511 -0.54479 0.33857 0.94769 0.07213 -0.05062 0.30678
1520530363251652608 1.74669 -0.60828 0.39367 0.95020 0.04353 -0.07225 0.30002
1520530363351655680 1.75995 -0.68072 0.43890 0.95381 0.03383 -0.08137 0.28718
1520530363451658752 1.75599 -0.76437 0.46617 0.95966 0.03118 -0.09591 0.26245
1520530363551745280 1.72606 -0.87102 0.46990 0.96934 0.03499 -0.10181 0.22088
1520530363651748096 1.69739 -0.97431 0.43784 0.98018 0.04187 -0.10156 0.16484
1520530363751751168 1.66547 -1.07321 0.38400 0.98968 0.03616 -0.09960 0.09648
1520530363851754240 1.60799 -1.15622 0.31718 0.99345 0.04068 -0.10572 0.01474
1520530363951779840 1.52600 -1.21858 0.24514 0.98888 0.06376 -0.11011 -0.07697
1520530364051783936 1.41177 -1.23986 0.16203 0.97491 0.09535 -0.10904 -0.16905
1520530364151785728 1.27902 -1.22371 0.07398 0.95002 0.13567 -0.10753 -0.25981
1520530364251788800 1.14010 -1.15389 -0.00513 0.91699 0.16417 -0.11898 -0.34355
1520530364351791872 1.00841 -1.04701 -0.05438 0.88183 0.18706 -0.11232 -0.41805
1520530364451853824 0.89917 -0.90482 -0.06790 0.84376 0.20573 -0.10938 -0.48350
1520530364551857664 0.81674 -0.75797 -0.04887 0.79219 0.20850 -0.12321 -0.56016
1520530364651860736 0.76061 -0.61115 0.00006 0.73028 0.19725 -0.13252 -0.64049
1520530364751863808 0.72949 -0.47915 0.07472 0.67329 0.17121 -0.12734 -0.70792
1520530364852377344 0.69926 -0.37514 0.16576 0.62407 0.13032 -0.09717 -0.76427
1520530364952380416 0.76031 -0.33342 0.31246 0.59024 0.08895 -0.04779 -0.80089
1520530365052383488 0.78183 -0.30455 0.43433 0.55824 0.06319 -0.01081 -0.82720
1520530365152386304 0.82177 -0.30220 0.52531 0.53690 0.05459 -0.01684 -0.84171
1520530365251845632 0.82430 -0.29930 0.58367 0.52968 0.05224 -0.01824 -0.84639
1520530365351848704 0.80878 -0.31475 0.61572 0.53591 0.02969 -0.00750 -0.84372
1520530365451851520 0.78810 -0.35853 0.61261 0.55706 0.01321 -0.00631 -0.83034
1520530365551854592 0.74834 -0.42319 0.58132 0.58296 0.01818 -0.01658 -0.81213
1520530365651536640 0.71576 -0.49422 0.53608 0.61106 0.01908 -0.03828 -0.79043
1520530365751539712 0.67720 -0.57474 0.48144 0.63104 0.01944 -0.06528 -0.77275
1520530365851542784 0.61362 -0.65211 0.42940 0.63871 0.02174 -0.09426 -0.76334
1520530365951545600 0.50379 -0.72896 0.35048 0.64402 0.01167 -0.11016 -0.75695
1520530366051908608 0.39875 -0.73483 0.38012 0.64888 -0.02239 -0.10407 -0.75341
1520530366151911424 0.32989 -0.70638 0.43884 0.62960 -0.05884 -0.08535 -0.76997
1520530366251915520 0.28143 -0.63678 0.49100 0.58892 -0.09134 -0.07443 -0.79956
1520530366351918336 0.24892 -0.54070 0.51360 0.53897 -0.10887 -0.06943 -0.83237
1520530366452121600 0.22927 -0.43707 0.50286 -0.48906 0.11687 0.07022 0.86153
1520530366552124416 0.22717 -0.33010 0.46293 -0.43545 0.10984 0.07269 0.89052
1520530366652127488 0.23701 -0.22465 0.40734 -0.37225 0.09259 0.07901 0.92011
1520530366752131584 0.28067 -0.12507 0.34855 -0.30254 0.07486 0.09371 0.94556
1520530366852165632 0.35969 -0.04136 0.29431 -0.23043 0.05463 0.12151 0.96393
1520530366952168704 0.45920 0.03145 0.25449 -0.15499 0.04407 0.15088 0.97533
1520530367052171776 0.57224 0.09393 0.22995 -0.07267 0.02461 0.15923 0.98426
1520530367152174592 0.68289 0.13612 0.22995 0.01031 0.00339 0.15341 0.98810
1520530367252539648 0.77256 0.15769 0.26593 0.08256 -0.02559 0.13732 0.98675
1520530367352542720 0.83333 0.18035 0.32910 0.13869 -0.03967 0.11599 0.98272
1520530367452545536 0.88411 0.19390 0.38892 0.17358 -0.05332 0.07673 0.98038
1520530367552548608 0.91201 0.21399 0.43812 0.18177 -0.06620 0.04068 0.98027
1520530367652264192 0.90204 0.21276 0.46940 0.17581 -0.06924 0.01723 0.98184
1520530367752267008 0.85599 0.22733 0.47012 0.15022 -0.05478 0.01466 0.98703
1520530367852271360 0.77890 0.23857 0.45347 0.12274 -0.02709 0.03126 0.99158
1520530367952274432 0.68281 0.25299 0.43721 0.07691 0.01966 0.04881 0.99565
1520530368052123904 0.58936 0.27564 0.42618 0.04531 0.05916 0.05832 0.99551
1520530368152126976 0.52197 0.32374 0.42604 0.03426 0.09582 0.06229 0.99286
1520530368252130048 0.49538 0.40092 0.43988 0.03267 0.11637 0.05564 0.99111
1520530368352133888 0.51125 0.47326 0.47512 0.04465 0.12858 0.01670 0.99055
1520530368452048384 0.56300 0.52338 0.52170 0.09134 0.12968 -0.03457 0.98674
1520530368552051200 0.64919 0.55119 0.55459 0.17820 0.13722 -0.06347 0.97231
1520530368652054272 0.75420 0.56057 0.56033 0.29028 0.13055 -0.07408 0.94510
1520530368752057344 0.85949 0.56118 0.54083 0.38189 0.11977 -0.07392 0.91343
1520530368851388672 0.96366 0.54814 0.50556 0.47467 0.11051 -0.05512 0.87146
1520530368951391744 1.06922 0.51752 0.48153 0.59236 0.10542 -0.01756 0.79855
1520530369051394816 1.15993 0.45312 0.47322 0.69201 0.10682 0.00910 0.71389
1520530369151397632 1.23064 0.37377 0.46863 0.78730 0.08051 0.03125 0.61049
1520530369251400704 1.28471 0.28556 0.46185 0.87422 0.04181 0.04009 0.48207
1520530369351537664 1.35275 0.21279 0.45055 0.92888 0.02423 0.04878 0.36635
1520530369451541760 1.41580 0.14571 0.44784 0.95676 0.02322 0.04922 0.28574
1520530369551544576 1.48270 0.07555 0.45702 0.98057 0.01440 0.04896 0.18942
1520530369651547648 1.53065 -0.01243 0.47273 0.99627 0.01113 0.04414 0.07327
1520530369751898624 1.55589 -0.11860 0.48378 0.99878 0.01160 0.04646 -0.01199
1520530369851901440 1.59861 -0.21215 0.49138 0.99633 0.02978 0.04979 -0.06293
1520530369951905536 1.63298 -0.29676 0.50465 0.99175 0.03447 0.05435 -0.11082
1520530370051908608 1.68626 -0.37593 0.52329 0.98595 0.00222 0.07526 -0.14910
1520530370151930880 1.73047 -0.45881 0.54466 0.97653 -0.00537 0.10662 -0.18704
1520530370251933696 1.80349 -0.53247 0.56157 0.96561 0.00746 0.15140 -0.21124
1520530370351936768 1.87229 -0.61768 0.57244 0.95400 0.01825 0.18388 -0.23609
1520530370451939840 1.93586 -0.70581 0.57963 0.94297 0.03407 0.20504 -0.26001
1520530370551883520 2.00535 -0.78850 0.58537 0.93135 0.05577 0.23221 -0.27487
1520530370651886336 2.06114 -0.86612 0.59560 0.92129 0.07590 0.24792 -0.28982
1520530370751889408 2.12615 -0.94594 0.60524 0.92155 0.07643 0.23440 -0.29995
1520530370851892480 2.20038 -1.02426 0.60579 0.92349 0.05438 0.20643 -0.31874
1520530370951941888 2.27513 -1.09514 0.59437 0.92636 0.03346 0.15839 -0.34007
1520530371051945984 2.35398 -1.20543 0.57770 0.93101 0.01941 0.07748 -0.35614
1520530371151949056 2.42026 -1.30445 0.57237 0.92763 0.01046 -0.00679 -0.37330
1520530371251951872 2.47753 -1.40633 0.57956 0.91620 0.00868 -0.05961 -0.39616
1520530371351951104 2.52530 -1.48461 0.59395 0.90442 -0.00752 -0.10982 -0.41220
1520530371451954176 2.55338 -1.53551 0.61164 0.88295 -0.05679 -0.16480 -0.43591
1520530371551958272 2.55917 -1.55942 0.62378 0.86323 -0.07831 -0.21624 -0.44939
1520530371651961344 2.54740 -1.57390 0.62832 0.84595 -0.07104 -0.24263 -0.46952
1520530371751958528 2.52626 -1.59951 0.63353 0.82346 -0.05780 -0.24833 -0.50686
1520530371851962624 2.47841 -1.61424 0.64321 0.78214 -0.06053 -0.23101 -0.57552
1520530371951965696 2.42426 -1.61387 0.65591 0.73488 -0.07086 -0.17978 -0.65008
1520530372051968512 2.36363 -1.61201 0.66141 0.67334 -0.07359 -0.12180 -0.72551
1520530372151954944 2.31117 -1.61142 0.67172 0.62242 -0.07392 -0.08087 -0.77497
1520530372251958016 2.27596 -1.64283 0.69214 0.59755 -0.06699 -0.05015 -0.79745
1520530372351960832 2.25731 -1.69976 0.72295 0.58827 -0.06952 -0.02301 -0.80534
1520530372451963904 2.25780 -1.77889 0.74864 0.59654 -0.05778 0.00742 -0.80047
1520530372551956224 2.26339 -1.87566 0.74923 0.61584 -0.04788 0.02773 -0.78593
1520530372651960320 2.27791 -1.97971 0.72559 0.64791 -0.05424 0.04125 -0.75866
1520530372751963392 2.28378 -2.08867 0.67976 0.68331 -0.05883 0.05959 -0.72531
1520530372851966464 2.29046 -2.19738 0.62199 0.72173 -0.04655 0.07146 -0.68690
1520530372951617536 2.28810 -2.29717 0.58124 0.75698 -0.02221 0.06345 -0.64997
1520530373051620352 2.28036 -2.39030 0.57078 0.78414 -0.01487 0.03344 -0.61950
1520530373151624448 2.24751 -2.45960 0.59179 0.77966 -0.02440 -0.00230 -0.62573
1520530373251627520 2.18831 -2.50181 0.62549 0.74995 -0.03893 -0.01824 -0.66010
1520530373351456768 2.10248 -2.51939 0.65274 0.71363 -0.05272 -0.03150 -0.69782
1520530373451459584 2.00752 -2.52056 0.67183 0.67120 -0.06684 -0.02736 -0.73775
1520530373551462656 1.90983 -2.50785 0.67855 0.62593 -0.07302 -0.02546 -0.77604
1520530373651465728 1.81657 -2.48761 0.66621 0.58311 -0.06938 -0.02061 -0.80916
1520530373751468544 1.71204 -2.45119 0.63205 0.52582 -0.05600 -0.01198 -0.84866
1520530373851583488 1.61068 -2.39615 0.58278 -0.44792 0.02398 0.01203 0.89367
1520530373951586560 1.51096 -2.32994 0.53406 -0.36759 -0.00795 0.01267 0.92987
1520530374051589376 1.42223 -2.25191 0.49923 -0.28557 -0.03097 0.01703 0.95771
1520530374151592448 1.36131 -2.15398 0.48544 -0.18059 -0.04648 0.02460 0.98215
1520530374251954688 1.32699 -2.04832 0.48501 -0.08028 -0.05757 0.02786 0.99472
1520530374351957760 1.30650 -1.95382 0.49143 0.00406 -0.07144 0.02315 0.99717
1520530374451960832 1.28390 -1.86215 0.50511 0.07440 -0.06878 0.00789 0.99482
1520530374551963904 1.24791 -1.78054 0.52077 0.11548 -0.05551 -0.02115 0.99153
1520530374652407808 1.19155 -1.70721 0.54667 0.12328 -0.05021 -0.05280 0.98969
1520530374752412160 1.11899 -1.64571 0.57571 0.10834 -0.03806 -0.07015 0.99091
1520530374852414976 1.03037 -1.60682 0.59565 0.06387 -0.02420 -0.07124 0.99512
1520530374952418048 0.92944 -1.57144 0.58656 0.01761 -0.01763 -0.06997 0.99724
1520530375052443648 0.81948 -1.54722 0.55070 -0.03607 -0.02025 -0.05695 0.99752
1520530375152446720 0.71304 -1.53875 0.49990 -0.09291 -0.03367 -0.01688 0.99496
1520530375252453632 0.61201 -1.53810 0.47069 -0.14031 -0.04192 0.01039 0.98916
1520530375352452864 0.52789 -1.55682 0.47522 -0.17345 -0.02795 0.01950 0.98425
1520530375452213760 0.46952 -1.58428 0.49891 -0.20004 -0.00622 0.02328 0.97949
1520530375552216832 0.42726 -1.59144 0.52757 -0.22263 0.03089 0.00666 0.97439
1520530375652219648 0.39439 -1.55412 0.55189 -0.22799 0.07476 -0.02630 0.97043
1520530375752222720 0.38451 -1.48316 0.57834 -0.19895 0.09639 -0.07344 0.97249
1520530375852258560 0.39999 -1.39036 0.61245 -0.14749 0.11151 -0.13141 0.97393
1520530375952261376 0.44720 -1.29377 0.63882 -0.10097 0.12511 -0.17521 0.97131
1520530376052264448 0.53070 -1.20077 0.63872 -0.04519 0.12908 -0.16318 0.97707
1520530376152267520 0.62035 -1.11885 0.60251 0.01390 0.12903 -0.10566 0.98590
1520530376251949568 0.68510 -1.04482 0.53582 0.08133 0.11516 -0.03350 0.98944
1520530376351953408 0.75890 -0.99296 0.46515 0.14647 0.10235 0.05829 0.98218
1520530376451956480 0.85136 -0.97908 0.40403 0.22024 0.10191 0.13388 0.96082
1520530376551959552 0.96012 -1.01138 0.35162 0.30539 0.11408 0.19529 0.92498
1520530376652663040 1.07570 -1.08364 0.30243 0.39333 0.12318 0.26437 0.87191
1520530376752666112 1.18465 -1.18168 0.26198 0.48111 0.12817 0.31713 0.80718
1520530376852668928 1.28523 -1.28523 0.24949 0.57311 0.09866 0.31669 0.74935
1520530376952672000 1.36458 -1.39405 0.26978 0.66319 0.03434 0.26690 0.69840
1520530377052897792 1.42704 -1.48939 0.31534 0.73198 -0.03572 0.20329 0.64931
1520530377152900352 1.46779 -1.55875 0.37067 0.77351 -0.09984 0.15112 0.60735
1520530377252903424 1.50347 -1.61213 0.42075 0.79073 -0.18424 0.12095 0.57112
1520530377352906496 1.56334 -1.62416 0.44914 0.77590 -0.25740 0.09955 0.56729
1520530377451719168 1.59241 -1.64799 0.46519 0.74120 -0.29861 0.07462 0.59657
1520530377551722240 1.62814 -1.63378 0.47713 0.70228 -0.29930 0.03946 0.64472
1520530377651725312 1.64986 -1.60648 0.50143 0.68227 -0.25001 -0.00938 0.68696
1520530377751728384 1.61431 -1.53707 0.53881 0.67452 -0.17069 -0.06505 0.71530
1520530377851406848 1.63628 -1.49610 0.54340 0.67716 -0.08914 -0.12515 0.71961
1520530377951410944 1.66239 -1.47785 0.53149 0.68472 -0.00134 -0.18952 0.70373
1520530378051414016 1.68042 -1.46857 0.50949 0.69523 0.09457 -0.22689 0.67544
1520530378151417088 1.69959 -1.46625 0.45396 0.72231 0.17041 -0.23882 0.62625
1520530378251419904 1.72480 -1.52256 0.40477 0.76618 0.21806 -0.24874 0.55096
1520530378351513344 1.73466 -1.59884 0.36694 0.81300 0.23479 -0.25429 0.46823
1520530378451516416 1.72138 -1.68782 0.32501 0.86044 0.22522 -0.24549 0.38556
1520530378551519488 1.66946 -1.78158 0.28411 0.90525 0.20162 -0.22944 0.29535
1520530378651522304 1.59700 -1.86396 0.25827 0.94122 0.17228 -0.20538 0.20553
1520530378752210176 1.49832 -1.92553 0.25895 0.96900 0.13354 -0.16964 0.12010
1520530378852213248 1.40312 -1.96246 0.29504 0.98918 0.07604 -0.11573 0.04848
1520530378952216064 1.31730 -1.96282 0.35932 0.99775 0.01661 -0.06442 -0.00817
1520530379052220160 1.24912 -1.93494 0.42700 0.99835 -0.03971 -0.00550 -0.04119
1520530379152151040 1.21809 -1.91779 0.47105 0.99379 -0.07880 0.06884 -0.03789
1520530379252154112 1.22667 -1.92936 0.49612 0.98354 -0.11193 0.14163 -0.00750
1520530379352157184 1.26106 -1.95159 0.49974 0.97122 -0.13992 0.18839 0.04080
1520530379452160000 1.32700 -1.95246 0.47686 0.96174 -0.14634 0.20983 0.09803
1520530379551851776 1.39706 -1.96853 0.43499 0.95925 -0.12236 0.19669 0.16178
1520530379651854848 1.48578 -1.94172 0.37968 0.95835 -0.08329 0.15137 0.22740
1520530379751857664 1.58107 -1.89510 0.31628 0.95769 -0.03651 0.08510 0.27250
1520530379851860736 1.72980 -1.82694 0.24775 0.95259 0.01190 0.01646 0.30357
1520530379951826432 1.82216 -1.82747 0.21491 0.94963 0.04129 -0.06023 0.30476
1520530380051829248 1.86824 -1.86584 0.21057 0.94674 0.04761 -0.14695 0.28254
1520530380151832320 1.85617 -1.91090 0.23688 0.94491 0.03831 -0.22879 0.23093
1520530380251835392 1.80650 -1.96281 0.26942 0.94333 0.02519 -0.28808 0.16278
1520530380352160512 1.73602 -2.01085 0.27927 0.93844 0.01440 -0.33226 0.09336
1520530380452163584 1.63417 -2.05933 0.26789 0.93315 0.00131 -0.35851 0.02641
1520530380552166400 1.49723 -2.07716 0.25006 0.93558 -0.01910 -0.34876 -0.05197
1520530380652170496 1.34278 -2.07514 0.23146 0.93519 -0.03584 -0.32089 -0.14550
1520530380752134912 1.19684 -2.07352 0.21960 0.92304 -0.03612 -0.30093 -0.23690
1520530380852137728 1.04570 -2.02851 0.18627 0.89047 -0.02585 -0.29196 -0.34807
1520530380952140800 0.89924 -1.92560 0.14597 0.84240 -0.02170 -0.26519 -0.46858
1520530381052143872 0.77406 -1.77960 0.11378 0.78592 -0.03221 -0.22509 -0.57500
1520530381152047616 0.68275 -1.61635 0.10693 0.71706 -0.03879 -0.19418 -0.66829
1520530381252050688 0.64638 -1.43390 0.11372 0.63658 -0.03576 -0.16794 -0.75185
1520530381352053760 0.63080 -1.27547 0.13725 0.55834 -0.03290 -0.14077 -0.81692
1520530381452056576 0.63454 -1.11427 0.16303 0.50090 -0.02028 -0.10690 -0.85864
1520530381552262400 0.65156 -0.96175 0.17900 -0.46015 0.00819 0.07265 0.88483
1520530381652265216 0.68038 -0.82558 0.20925 -0.43722 -0.00819 0.03539 0.89862
1520530381752268288 0.67644 -0.69692 0.25435 -0.42315 -0.03733 -0.01141 0.90522
1520530381852271360 0.67357 -0.58179 0.30278 -0.41167 -0.07896 -0.06368 0.90567
1520530381952332288 0.66260 -0.49003 0.33368 -0.43252 -0.11972 -0.11231 0.88655
1520530382052335360 0.61577 -0.41449 0.33709 -0.47001 -0.15271 -0.12824 0.85984
1520530382152338176 0.54445 -0.36934 0.32191 0.51237 0.16616 0.12731 -0.83286
1520530382252342272 0.49068 -0.36677 0.29314 0.55258 0.16141 0.11197 -0.80998
1520530382352158720 0.40771 -0.44108 0.26054 0.59337 0.14969 0.07987 -0.78685
1520530382452161792 0.32267 -0.54173 0.23356 0.62700 0.12771 0.04813 -0.76697
1520530382552164864 0.21115 -0.70903 0.21612 0.65784 0.08577 0.00743 -0.74822
1520530382652167680 0.08565 -0.83599 0.19523 0.68197 0.03885 -0.04159 -0.72917
1520530382752170752 -0.02591 -0.80434 0.18525 0.70316 -0.01837 -0.09698 -0.70414
1520530382852245504 -0.11765 -0.75531 0.18784 0.70639 -0.05955 -0.12763 -0.69367
1520530382952248576 -0.20604 -0.67854 0.20181 0.69745 -0.08774 -0.15393 -0.69438
1520530383052251648 -0.27623 -0.58811 0.21594 0.68165 -0.09018 -0.18705 -0.70160
1520530383152254464 -0.31267 -0.49896 0.22708 0.66687 -0.07858 -0.19398 -0.71518
1520530383252208384 -0.28907 -0.42568 0.23283 0.64217 -0.06932 -0.18656 -0.74027
1520530383352211456 -0.26293 -0.37337 0.22482 0.61618 -0.03293 -0.16959 -0.76843
1520530383452214528 -0.24896 -0.34404 0.22084 0.59650 0.00704 -0.14176 -0.78997
1520530383552217600 -0.25991 -0.32572 0.23191 0.58731 0.03965 -0.10745 -0.80122
1520530383652472576 -0.27110 -0.31311 0.25463 0.58290 0.06902 -0.07196 -0.80640
1520530383752475392 -0.27543 -0.30523 0.27664 0.58808 0.08568 -0.04045 -0.80323
1520530383852479488 -0.29160 -0.30787 0.28696 0.61619 0.09006 -0.01108 -0.78235
1520530383952482560 -0.32355 -0.31900 0.28353 0.65610 0.08184 0.02005 -0.74996
1520530384052531456 -0.36145 -0.34099 0.27121 0.70313 0.06925 0.04198 -0.70643
1520530384152534528 -0.40384 -0.38142 0.25413 0.75541 0.05338 0.05933 -0.65037
1520530384252537600 -0.43433 -0.44254 0.23366 0.81307 0.03450 0.05722 -0.57832
1520530384352541440 -0.45055 -0.51266 0.21078 0.87026 0.01878 0.00936 -0.49214
1520530384452434176 -0.45039 -0.59269 0.18783 0.91202 0.01082 -0.06651 -0.40458
1520530384552437248 -0.42417 -0.69557 0.16419 0.93491 0.00495 -0.12847 -0.33078
1520530384652440320 -0.38609 -0.80781 0.15123 0.94886 0.01164 -0.16349 -0.26981
1520530384752443392 -0.33737 -0.92408 0.15683 0.96005 0.02851 -0.17298 -0.21811
1520530384852858368 -0.29643 -1.03365 0.17583 0.97456 0.04893 -0.11495 -0.18609
1520530384952861184 -0.25275 -1.14187 0.19420 0.98583 0.06481 -0.01136 -0.15434
1520530385052864256 -0.20380 -1.26242 0.21232 0.98747 0.06244 0.08375 -0.11827
1520530385152867328 -0.14060 -1.39867 0.22722 0.98110 0.04894 0.16777 -0.08303
1520530385252704768 -0.05618 -1.55196 0.23981 0.97378 0.03172 0.22271 -0.03392
1520530385352709120 0.05078 -1.70442 0.23815 0.96961 0.01404 0.24157 0.03601
1520530385452711936 0.17902 -1.84510 0.22020 0.96585 -0.00027 0.23162 0.11610
1520530385552714752 0.32775 -1.95542 0.17698 0.95738 0.00115 0.20544 0.20299
1520530385652486400 0.46505 -2.03483 0.12095 0.94375 0.01640 0.18417 0.27414
1520530385752489216 0.61413 -2.09017 0.05496 0.92650 0.05362 0.15993 0.33636
1520530385852492288 0.75034 -2.10878 0.01030 0.90208 0.09798 0.14018 0.39622
1520530385952496640 0.88767 -2.10716 0.00010 0.87535 0.12673 0.10869 0.45375
1520530386052544000 1.01657 -2.11392 0.02766 0.85089 0.13879 0.07719 0.50076
1520530386152546816 1.13708 -2.13161 0.07784 0.82707 0.12902 0.04407 0.54531
1520530386252549888 1.26072 -2.17048 0.12932 0.81210 0.11398 0.00470 0.57226
1520530386352552960 1.37100 -2.23163 0.17291 0.80283 0.11075 -0.03467 0.58480
1520530386452757760 1.46037 -2.30441 0.19334 0.81235 0.09669 -0.03598 0.57397
1520530386552760832 1.52289 -2.40989 0.18593 0.82876 0.08317 -0.01800 0.55309
1520530386652763904 1.55395 -2.49723 0.16500 0.84491 0.08081 0.02685 0.52808
1520530386752766720 1.57005 -2.58237 0.14313 0.86391 0.08576 0.06131 0.49250
1520530386852674048 1.60440 -2.68024 0.13069 0.88325 0.08445 0.09075 0.45221
1520530386952677888 1.58035 -2.75955 0.13939 0.89939 0.06357 0.10476 0.41961
1520530387052680960 1.57446 -2.80826 0.17715 0.90703 0.02242 0.11572 0.40423
1520530387152684032 1.56605 -2.82884 0.24303 0.90832 -0.03167 0.11687 0.40036
1520530387252605952 1.56724 -2.83243 0.30884 0.90686 -0.07465 0.11923 0.39727
1520530387352609024 1.60718 -2.82751 0.35310 0.89386 -0.11272 0.12184 0.41650
1520530387452611840 1.67324 -2.79482 0.35746 0.87208 -0.12896 0.13257 0.45306
1520530387552614912 1.75823 -2.76718 0.32102 0.84529 -0.12378 0.12794 0.50378
1520530387652619008 1.84599 -2.72485 0.24704 0.80853 -0.09766 0.13010 0.56553
1520530387752458496 1.91443 -2.66614 0.15692 0.75424 -0.06509 0.15235 0.63535
1520530387852464384 1.95620 -2.58052 0.06586 0.68766 -0.03088 0.17110 0.70491
1520530387952464640 1.96431 -2.46239 -0.01055 0.61168 0.00743 0.19381 0.76696
1520530388052467712 1.94501 -2.31286 -0.06148 0.52428 0.03236 0.21529 0.82325
1520530388152495872 1.90163 -2.14830 -0.07707 0.44226 0.03025 0.21690 0.86974
1520530388252498944 1.85534 -1.98595 -0.05301 0.36546 0.03169 0.19318 0.91001
1520530388352501760 1.82056 -1.84876 0.00393 0.30079 0.03817 0.15150 0.94081
1520530388452504832 1.80515 -1.74575 0.08644 0.26286 0.04140 0.10824 0.95785
1520530388552853760 1.81001 -1.66396 0.16258 0.24815 0.03899 0.06032 0.96605
1520530388652856832 1.81643 -1.59487 0.20075 0.25541 0.03946 0.03655 0.96534
1520530388752859904 1.84748 -1.54164 0.19983 0.27136 0.04740 0.03827 0.96055
1520530388852862720 1.87991 -1.48305 0.15978 0.28988 0.03494 0.05722 0.95471
1520530388952235008 1.93770 -1.43681 0.12159 0.30902 0.01616 0.08471 0.94714
1520530389052238080 2.01213 -1.42898 0.09674 0.31808 0.00032 0.11441 0.94114
1520530389152241920 2.08953 -1.45294 0.08972 0.33331 -0.01653 0.14114 0.93204
1520530389252244992 2.21199 -1.54125 0.10831 0.35022 -0.01479 0.15992 0.92280
1520530389352935680 2.26236 -1.59530 0.11884 0.35681 -0.03361 0.14519 0.92222
1520530389452938752 2.26300 -1.58846 0.16483 0.35217 -0.05755 0.09190 0.92964
1520530389552941824 2.24335 -1.52335 0.23702 0.31493 -0.07092 0.03946 0.94564
1520530389652947712 2.19362 -1.44936 0.28965 0.25649 -0.07294 0.01029 0.96373
1520530389753402880 2.12156 -1.38050 0.30173 0.18677 -0.07971 0.00491 0.97915
1520530389853405952 2.02230 -1.31729 0.26930 0.09824 -0.09426 0.01157 0.99062
1520530389953409024 1.90511 -1.25924 0.19543 0.00133 -0.08428 0.04178 0.99556
1520530390053411840 1.77150 -1.22780 0.09952 -0.07187 -0.07309 0.10022 0.98967
1520530390152568576 1.62971 -1.23421 0.00371 -0.14238 -0.07007 0.18925 0.96902
1520530390252571648 1.48851 -1.27359 -0.07390 -0.22281 -0.07390 0.27968 0.93095
1520530390352574464 1.35645 -1.32669 -0.11395 -0.29897 -0.09662 0.33993 0.88641
1520530390452577536 1.22759 -1.38976 -0.11709 -0.36386 -0.13068 0.37421 0.84291
1520530390553324032 1.09151 -1.43995 -0.07741 -0.42517 -0.15697 0.36069 0.81516
1520530390653327104 0.96797 -1.47122 -0.01275 -0.47251 -0.14902 0.30170 0.81456
1520530390753330944 0.85747 -1.47741 0.08661 0.50905 0.11793 -0.21583 -0.82485
1520530390853334016 0.77059 -1.50986 0.19622 0.52856 0.06554 -0.11840 -0.83804
1520530390953378816 0.74847 -1.51406 0.31213 0.53080 0.00481 -0.01598 -0.84733
1520530391053383168 0.78095 -1.47948 0.41049 0.52075 -0.06485 0.07525 -0.84791
1520530391153384960 0.84992 -1.42019 0.47476 0.50904 -0.12726 0.14336 -0.83913
1520530391253388032 0.90927 -1.33506 0.49661 0.50009 -0.16792 0.18794 -0.82848
1520530391352332800 0.94303 -1.23865 0.47635 -0.49821 0.15393 -0.16709 0.83676
1520530391452335872 0.97557 -1.15307 0.41643 -0.49570 0.09718 -0.08040 0.85929
1520530391552338944 0.99829 -1.09237 0.33668 -0.49289 0.02736 0.01668 0.86950
1520530391652341760 1.00187 -1.04577 0.25915 -0.48984 -0.01535 0.09947 0.86598
1520530391752424448 0.99966 -1.00672 0.19597 -0.48426 -0.04743 0.15963 0.85893
1520530391852427520 0.98917 -0.96154 0.16840 -0.46969 -0.06161 0.18140 0.86179
1520530391952430592 0.96608 -0.90744 0.17808 -0.45980 -0.05226 0.15552 0.87274
1520530392052433408 0.94297 -0.85595 0.22687 -0.44555 -0.01554 0.08674 0.89091
1520530392152436480 0.95264 -0.82740 0.29222 -0.40856 0.02375 0.00224 0.91242
1520530392253142528 0.99596 -0.82190 0.35378 -0.37257 0.05969 -0.09881 0.92080
1520530392353146624 1.03294 -0.80241 0.41339 -0.34586 0.08866 -0.20217 0.91195
1520530392453149440 1.06666 -0.77218 0.46693 -0.31672 0.11816 -0.28996 0.89535
1520530392553152512 1.10454 -0.74413 0.50904 -0.28082 0.12952 -0.35233 0.88330
1520530392652235776 1.13111 -0.71749 0.53380 -0.25230 0.12559 -0.36759 0.88625
1520530392752238848 1.14081 -0.68474 0.52223 -0.24123 0.10377 -0.31771 0.91110
1520530392852241664 1.14720 -0.64695 0.47228 -0.22346 0.06947 -0.19845 0.95177
1520530392952244736 1.15777 -0.61955 0.39320 -0.19817 0.04278 -0.05216 0.97784
1520530393052153600 1.17928 -0.61424 0.30615 -0.15347 0.03454 0.03374 0.98697
1520530393152156672 1.20392 -0.64079 0.21547 -0.10335 0.01633 0.09372 0.99009
1520530393252159488 1.21012 -0.68749 0.13077 -0.07043 0.00091 0.16786 0.98329
1520530393352163584 1.19221 -0.75150 0.07545 -0.06326 -0.01279 0.21863 0.97367
1520530393452922880 1.14670 -0.81969 0.07354 -0.06481 -0.02378 0.21173 0.97489
1520530393552925952 1.10210 -0.89313 0.12582 -0.07454 -0.00846 0.11394 0.99065
1520530393652928768 1.07703 -0.96858 0.20281 -0.09135 0.02726 -0.03477 0.99484
1520530393752931840 1.07779 -1.05971 0.28217 -0.10257 0.05182 -0.18077 0.97679
1520530393852958720 1.08763 -1.16034 0.33892 -0.09427 0.06865 -0.25904 0.95880
1520530393952962560 1.07675 -1.24558 0.37778 -0.09412 0.07657 -0.27325 0.95426
1520530394052964608 1.04440 -1.28580 0.39938 -0.09918 0.07649 -0.25722 0.95820
1520530394152968704 1.01477 -1.29973 0.38364 -0.10426 0.05845 -0.17775 0.97679
1520530394252166656 1.00078 -1.31893 0.33289 -0.11053 0.03728 -0.05593 0.99160
1520530394352169728 0.99342 -1.35857 0.26930 -0.12249 0.02499 0.06149 0.99025
1520530394452172800 0.98513 -1.41085 0.20651 -0.14114 0.00905 0.17828 0.97376
1520530394552175872 0.97004 -1.47593 0.15912 -0.17805 -0.00521 0.27172 0.94575
1520530394652876288 0.94633 -1.52650 0.12788 -0.23204 -0.02153 0.31999 0.91831
1520530394752879360 0.91534 -1.56575 0.12083 -0.28832 -0.02962 0.31771 0.90280
1520530394852882432 0.89056 -1.60542 0.15171 -0.35708 -0.01892 0.24444 0.90132
1520530394952885504 0.86995 -1.65651 0.20942 -0.41906 0.00698 0.15914 0.89388
1520530395053731328 0.84036 -1.70132 0.27863 -0.46415 0.05788 0.07242 0.88089
1520530395153734144 0.80495 -1.76561 0.32037 0.50620 -0.08561 -0.01275 -0.85806
1520530395253737216 0.76524 -1.85205 0.31696 0.55909 -0.07282 -0.00724 -0.82587
1520530395353740288 0.72953 -1.90668 0.28365 0.60644 -0.05085 -0.02570 -0.79309
1520530395452704768 0.71250 -1.95995 0.25469 0.65137 -0.03083 -0.06526 -0.75532
1520530395552708864 0.71190 -2.02925 0.22062 0.68113 -0.01163 -0.11469 -0.72303
1520530395652711936 0.72173 -2.10573 0.18985 0.69255 0.01592 -0.15844 -0.70358
1520530395752714752 0.74648 -2.17303 0.16389 0.68658 0.02989 -0.18757 -0.70180
1520530395853078016 0.78282 -2.21548 0.14051 0.66328 0.03068 -0.19224 -0.72260
1520530395953081088 0.83945 -2.23119 0.11442 0.62326 0.04429 -0.18233 -0.75917
1520530396053084160 0.90841 -2.20879 0.09914 0.56786 0.05579 -0.18679 -0.79971
1520530396153087232 0.98553 -2.17702 0.09984 0.50280 0.05672 -0.19286 -0.84071
1520530396253234944 1.07607 -2.16212 0.10753 -0.43109 -0.05380 0.16751 0.88499
1520530396353237760 1.17135 -2.15418 0.12355 -0.35760 -0.05488 0.13715 0.92212
1520530396453240832 1.27023 -2.14614 0.15189 -0.27720 -0.05308 0.13468 0.94984
1520530396553243904 1.37171 -2.14186 0.18740 -0.18880 -0.04785 0.14041 0.97075
1520530396653247744 1.46973 -2.14407 0.23057 -0.10013 -0.04453 0.14176 0.98382
1520530396753146624 1.54338 -2.14082 0.28518 -0.03078 -0.04604 0.12822 0.99020
1520530396853149696 1.59449 -2.12673 0.34940 0.01942 -0.05018 0.10254 0.99327
1520530396953152768 1.62202 -2.11103 0.42613 0.05744 -0.06281 0.07011 0.99390
1520530397053155584 1.63371 -2.08947 0.51795 0.07294 -0.07625 0.01757 0.99426
1520530397152783872 1.62250 -2.08840 0.60680 0.06082 -0.08933 -0.03384 0.99357
1520530397252786944 1.59197 -2.09351 0.67217 0.01923 -0.10411 -0.07152 0.99180
1520530397352789760 1.53294 -2.11345 0.70188 -0.04615 -0.10633 -0.09783 0.98843
1520530397452792832 1.45836 -2.16172 0.68299 -0.12230 -0.10237 -0.11353 0.98065
1520530397552306176 1.34757 -2.23271 0.61834 -0.20107 -0.09516 -0.09184 0.97061
1520530397652309248 1.19779 -2.31483 0.51332 -0.28483 -0.07953 -0.03423 0.95466
1520530397752312064 1.04071 -2.43219 0.38597 -0.36335 -0.05960 0.03696 0.92901
1520530397852315136 0.89130 -2.57492 0.26194 -0.43247 -0.05671 0.11911 0.89194
1520530397952585984 0.75217 -2.73375 0.16268 0.50250 0.06738 -0.19056 -0.84062
1520530398052589056 0.62757 -2.88221 0.10790 0.56482 0.08537 -0.23989 -0.78495
1520530398152591872 0.50548 -2.99787 0.09944 0.62123 0.10231 -0.26048 -0.73195
1520530398252595968 0.38126 -3.07313 0.14168 0.67662 0.09207 -0.24200 -0.68931
1520530398353367296 0.25033 -3.09835 0.24073 0.72473 0.04150 -0.20036 -0.65796
1520530398453370368 0.14167 -3.08402 0.37867 0.74257 -0.02302 -0.14754 -0.65291
1520530398553373440 0.11331 -3.02585 0.53090 0.73701 -0.07170 -0.08558 -0.66659
1520530398653376256 0.12334 -2.91658 0.66544 0.70637 -0.11704 -0.01737 -0.69788
1520530398753222912 0.15339 -2.76987 0.74189 0.65991 -0.13610 0.02991 -0.73831
1520530398853225984 0.19963 -2.59385 0.75108 0.59955 -0.14211 0.05248 -0.78587
1520530398953229056 0.25151 -2.42323 0.69541 0.52961 -0.14080 0.05376 -0.83475
1520530399053231872 0.33172 -2.26963 0.59182 -0.45127 0.11120 -0.01982 0.88521
1520530399152329984 0.47249 -2.14124 0.47205 -0.36282 0.09369 0.03780 0.92637
1520530399252332800 0.66272 -2.03874 0.35280 -0.26332 0.08891 0.09902 0.95548
1520530399352335872 0.88280 -1.96265 0.24360 -0.15304 0.09610 0.15613 0.97106
1520530399452338944 1.10703 -1.90969 0.15634 -0.04688 0.10519 0.19818 0.97338
1520530399553005824 1.32990 -1.87365 0.10606 0.05512 0.08893 0.21331 0.97137
1520530399653008896 1.53463 -1.84262 0.10451 0.14419 0.05130 0.21601 0.96432
1520530399753011968 1.70333 -1.80547 0.15349 0.21431 0.00912 0.19946 0.95614
1520530399853015808 1.83680 -1.74516 0.23607 0.26355 -0.01655 0.16791 0.94978
1520530399953274624 1.93586 -1.66325 0.33370 0.28779 -0.04485 0.11842 0.94928
1520530400053277696 1.99869 -1.57799 0.43686 0.29718 -0.08084 0.05374 0.94987
1520530400153280768 2.02440 -1.51706 0.53525 0.29290 -0.09535 -0.00528 0.95136
1520530400253283840 2.02112 -1.44418 0.62133 0.26918 -0.08472 -0.05145 0.95798
1520530400352494080 1.95028 -1.38194 0.69963 0.22049 -0.07865 -0.09483 0.96758
1520530400452497920 1.80874 -1.29656 0.75130 0.15026 -0.08073 -0.12544 0.97733
1520530400552500992 1.59502 -1.22713 0.76736 0.06310 -0.07189 -0.12752 0.98721
1520530400652504064 1.36982 -1.19394 0.72876 -0.02524 -0.05866 -0.12152 0.99053
1520530400752291328 1.20392 -1.17385 0.64946 -0.10847 -0.04762 -0.09850 0.98806
1520530400852294144 1.05435 -1.16848 0.54660 -0.19199 -0.05160 -0.04933 0.97880
1520530400952297216 0.90902 -1.19305 0.44037 -0.27006 -0.06404 0.00511 0.96070
1520530401052300288 0.76037 -1.25270 0.35005 -0.35757 -0.07654 0.04772 0.92952
1520530401152303104 0.60991 -1.34436 0.28681 -0.45936 -0.09022 0.08162 0.87988
1520530401252756224 0.46406 -1.45959 0.26930 0.54800 0.08876 -0.09176 -0.82668
1520530401352759040 0.33144 -1.58719 0.31210 0.62697 0.05973 -0.07812 -0.77281
1520530401452763136 0.23193 -1.71988 0.40079 0.69534 0.01928 -0.03268 -0.71768
1520530401552766208 0.17571 -1.83741 0.50536 0.75398 -0.02370 0.00441 -0.65646
1520530401653039104 0.15681 -1.95773 0.59868 0.81355 -0.05857 0.03950 -0.57719
1520530401753042176 0.17720 -2.07557 0.65503 0.86576 -0.08774 0.07426 -0.48708
1520530401853045248 0.23737 -2.17943 0.65755 0.91725 -0.10126 0.09137 -0.37424
1520530401953048320 0.34054 -2.27268 0.59668 0.95850 -0.09000 0.08904 -0.25542
1520530402052283136 0.44892 -2.33906 0.48906 0.98335 -0.04455 0.08176 -0.15604
1520530402152285952 0.58824 -2.35920 0.36570 0.99503 0.02271 0.08061 -0.05377
1520530402252289024 0.73850 -2.33531 0.24384 0.99114 0.07945 0.08759 0.06043
1520530402352292096 0.89467 -2.25972 0.14450 0.97151 0.13063 0.08718 0.17747
1520530402452568576 1.05292 -2.17358 0.08370 0.93622 0.17953 0.09310 0.28739
1520530402552571648 1.19824 -2.10238 0.07366 0.89963 0.20366 0.07910 0.37806
1520530402652671488 1.32384 -2.04887 0.11647 0.87171 0.20216 0.04615 0.44398
1520530402752577536 1.43812 -2.05761 0.21251 0.85283 0.17857 0.00941 0.49062
1520530402853417216 1.54310 -2.08056 0.32462 0.84199 0.13256 -0.02587 0.52231
1520530402953420288 1.62253 -2.12392 0.44901 0.83222 0.07432 -0.06709 0.54533
1520530403053424384 1.67273 -2.17582 0.57480 0.81885 0.00785 -0.10574 0.56413
1520530403153427456 1.67292 -2.22803 0.69077 0.81029 -0.05626 -0.13634 0.56716
1520530403252935168 1.65592 -2.26887 0.76677 0.81509 -0.09627 -0.13993 0.55387
1520530403352938240 1.64031 -2.34780 0.79797 0.84256 -0.11597 -0.13332 0.50879
1520530403452941056 1.58076 -2.45149 0.77514 0.87694 -0.11179 -0.12642 0.44999
1520530403552945152 1.51255 -2.56600 0.70286 0.91456 -0.09052 -0.11590 0.37676
1520530403652253696 1.42785 -2.68092 0.59682 0.94773 -0.04438 -0.09353 0.30182
1520530403752256512 1.28334 -2.75354 0.47472 0.97459 0.01042 -0.06696 0.21350
1520530403852260608 1.12667 -2.80787 0.36141 0.98981 0.06837 -0.05818 0.11051
1520530403952262656 0.94535 -2.81916 0.26464 0.98947 0.12666 -0.06924 0.01078
1520530404052744704 0.74792 -2.80294 0.19840 0.98081 0.15904 -0.06690 -0.09082
1520530404152747520 0.55060 -2.76468 0.16646 0.96750 0.16334 -0.05676 -0.18451
1520530404252828672 0.36625 -2.70930 0.18520 0.95085 0.15742 -0.04104 -0.26347
1520530404352753664 0.22569 -2.64592 0.27047 0.93865 0.11968 -0.01255 -0.32319
1520530404453112064 0.15516 -2.59969 0.41033 0.92949 0.07185 0.01910 -0.36128
1520530404553115136 0.12147 -2.55217 0.54538 0.92477 0.02570 0.04466 -0.37702
1520530404653119232 0.15014 -2.51950 0.67573 0.92564 -0.01075 0.07068 -0.37158
1520530404753122304 0.19439 -2.54539 0.77351 0.93023 -0.05468 0.09816 -0.34935
1520530404852641792 0.27697 -2.58055 0.83713 0.94136 -0.08721 0.11438 -0.30521
1520530404952644864 0.38210 -2.63062 0.87046 0.95540 -0.11064 0.11425 -0.24882
1520530405052647936 0.54419 -2.68781 0.85955 0.97084 -0.12609 0.09148 -0.18220
1520530405152650752 0.71530 -2.73998 0.79747 0.98500 -0.11535 0.08294 -0.09791
1520530405252326912 0.91045 -2.79084 0.68333 0.99303 -0.07886 0.08722 -0.00821
1520530405352331008 1.09688 -2.82448 0.54465 0.99323 -0.03474 0.08692 0.06886
1520530405452333824 1.27614 -2.82332 0.40778 0.98488 0.01103 0.09382 0.14525
1520530405552336896 1.45667 -2.78624 0.28045 0.96595 0.05646 0.10042 0.23166
1520530405652791552 1.63788 -2.70026 0.17636 0.93337 0.10191 0.11181 0.32548
1520530405752794624 1.81396 -2.56732 0.10898 0.88954 0.13983 0.11678 0.41897
1520530405852855552 1.98688 -2.40923 0.07912 0.84165 0.15945 0.10995 0.50410
1520530405952800512 2.15098 -2.23751 0.07805 0.79572 0.16078 0.10727 0.57400
1520530406052803584 2.30837 -2.07279 0.10862 0.76573 0.15044 0.09995 0.61728
1520530406153570304 2.46405 -1.93193 0.17434 0.75059 0.14523 0.06286 0.64154
1520530406253574400 2.61043 -1.84648 0.27730 0.75405 0.11825 0.00923 0.64602
1520530406353577472 2.72189 -1.79720 0.38984 0.76325 0.07615 -0.04179 0.64024
1520530406453580288 2.81531 -1.77696 0.47895 0.77907 0.04767 -0.07498 0.62061
1520530406553487360 2.88798 -1.79879 0.54096 0.80037 0.02308 -0.09281 0.59182
1520530406653490432 2.90037 -1.90152 0.59015 0.83160 -0.00240 -0.10614 0.54513
1520530406753493248 2.82699 -2.11222 0.60809 0.87048 -0.01735 -0.08896 0.48379
1520530406853497344 2.68562 -2.32019 0.58435 0.91032 0.00514 -0.06411 0.40888
1520530406952692736 2.53816 -2.61313 0.50987 0.94368 0.04951 -0.04790 0.32360
1520530407052695808 2.33002 -2.71324 0.43548 0.97083 0.07620 -0.04044 0.22372
1520530407152698880 2.11905 -2.72844 0.35712 0.98851 0.10043 -0.03487 0.10747
1520530407252701696 1.93233 -2.70115 0.27932 0.99030 0.13232 -0.04089 -0.01139
1520530407353184768 1.74912 -2.62437 0.20857 0.97609 0.16508 -0.05754 -0.12918
1520530407453220864 1.58450 -2.49915 0.15504 0.94277 0.18605 -0.07504 -0.26635
1520530407553190656 1.43216 -2.33896 0.12675 0.88769 0.19298 -0.10164 -0.40551
1520530407653193728 1.30617 -2.15228 0.12697 0.81907 0.18208 -0.13336 -0.52744
1520530407753510656 1.22228 -1.95076 0.15109 0.73850 0.14495 -0.15050 -0.64106
1520530407853514752 1.21427 -1.74106 0.19665 0.65527 0.12307 -0.14548 -0.73097
1520530407953517568 1.27312 -1.56033 0.25811 0.57339 0.11210 -0.12629 -0.80169
1520530408053520640 1.34669 -1.42278 0.33141 -0.49731 -0.10849 0.10423 0.85443
1520530408153603072 1.45301 -1.34069 0.40807 -0.42459 -0.09683 0.08802 0.89588
1520530408253606144 1.56150 -1.28170 0.47230 -0.35209 -0.07682 0.07334 0.92992
1520530408353608960 1.68239 -1.25246 0.52726 -0.29198 -0.06012 0.05442 0.95298
1520530408453613056 1.79941 -1.26542 0.58918 -0.23932 -0.04898 0.02266 0.96944
1520530408553373696 1.90544 -1.27084 0.65669 -0.20111 -0.03966 -0.01935 0.97857
1520530408653376768 1.98522 -1.30580 0.73757 -0.16640 -0.03074 -0.06007 0.98375
1520530408753379840 2.05018 -1.34613 0.81637 -0.15903 -0.02256 -0.09807 0.98213
1520530408853382912 2.07481 -1.30595 0.89407 -0.17006 -0.01387 -0.13727 0.97573
1520530408952877824 2.07073 -1.30481 0.96566 -0.19718 -0.00417 -0.16453 0.96645
1520530409052889856 2.06324 -1.29700 1.03317 -0.24222 0.00339 -0.18611 0.95220
1520530409152883712 2.03119 -1.34006 1.08938 -0.30101 0.00743 -0.21820 0.92829
1520530409252886784 1.97793 -1.39461 1.11821 -0.37534 0.01640 -0.23716 0.89588
1520530409352901888 1.91293 -1.46370 1.10805 -0.45146 0.01633 -0.22320 0.86377
1520530409452905984 1.85255 -1.56440 1.05516 0.52217 0.00354 0.19610 -0.82998
1520530409552908800 1.79621 -1.68841 0.96100 0.58378 0.02872 0.16245 -0.79498
1520530409652911872 1.75826 -1.84226 0.82906 0.64636 0.05959 0.11359 -0.75217
1520530409752654080 1.75757 -2.01227 0.67748 0.69734 0.08931 0.05843 -0.70875
1520530409852657152 1.80717 -2.18903 0.53333 0.73232 0.11604 0.00439 -0.67099
1520530409952659968 1.87705 -2.35531 0.40474 0.75015 0.14276 -0.04679 -0.64398
1520530410052664064 1.97119 -2.53410 0.29501 0.76649 0.17791 -0.09009 -0.61051
1520530410153222656 2.09195 -2.73345 0.21368 0.78763 0.21514 -0.13688 -0.56091
1520530410253225472 2.23206 -2.93889 0.17368 0.80904 0.24756 -0.16942 -0.50543
1520530410353231360 2.37801 -3.12873 0.16594 0.83612 0.26602 -0.17095 -0.44823
1520530410453231616 2.52078 -3.29526 0.18747 0.86934 0.26063 -0.16479 -0.38623
1520530410553234688 2.64033 -3.45715 0.23812 0.89868 0.24077 -0.15101 -0.33405
1520530410653875968 2.72606 -3.60627 0.31154 0.91735 0.20816 -0.12341 -0.31608
1520530410753879040 2.79864 -3.72696 0.40014 0.92944 0.16630 -0.11072 -0.31019
1520530410853882112 2.82421 -3.83797 0.49205 0.93669 0.13369 -0.09126 -0.31050
1520530410953885184 2.84640 -3.90586 0.60042 0.94002 0.08346 -0.06903 -0.32347
1520530411053419776 2.84185 -3.90686 0.71602 0.93997 0.02718 -0.04735 -0.33685
1520530411153422848 2.78944 -3.83966 0.81401 0.93202 -0.00840 -0.04769 -0.35915
1520530411253425920 2.70920 -3.69576 0.87111 0.91774 -0.01940 -0.06124 -0.39196
1520530411353428736 2.64102 -3.51086 0.86946 0.89983 -0.03016 -0.07409 -0.42883
1520530411453009920 2.57364 -3.34017 0.81639 0.87455 -0.03767 -0.08403 -0.47610
1520530411553012736 2.53244 -3.18171 0.74250 0.83986 -0.03527 -0.09981 -0.53238
1520530411653016832 2.51612 -3.00238 0.64266 0.79316 -0.01403 -0.12337 -0.59622
1520530411753019904 2.52109 -2.81105 0.53019 0.73060 0.01819 -0.15995 -0.66356
1520530411852907520 2.55907 -2.59444 0.41398 0.65119 0.05110 -0.19024 -0.73290
1520530411952910336 2.62570 -2.36057 0.30880 0.55531 0.07650 -0.21727 -0.79910
1520530412052913408 2.71339 -2.12548 0.23522 -0.44859 -0.09373 0.23471 0.85726
1520530412152916480 2.81360 -1.90522 0.21106 -0.34558 -0.10865 0.23458 0.90208
1520530412253416960 2.89976 -1.71390 0.24171 -0.25479 -0.12225 0.21278 0.93534
1520530412353420032 2.96330 -1.54678 0.32051 -0.17178 -0.12285 0.17494 0.96166
1520530412453423104 2.99702 -1.40733 0.43684 -0.10462 -0.11611 0.11820 0.98061
1520530412553425920 3.00491 -1.29912 0.57467 -0.06379 -0.10423 0.03734 0.99180
1520530412653629696 2.96476 -1.23880 0.72973 -0.05388 -0.08194 -0.04550 0.99414
1520530412753632512 2.88320 -1.19401 0.86416 -0.06900 -0.05671 -0.10684 0.99026
1520530412853635584 2.80261 -1.18379 0.96836 -0.12228 -0.02732 -0.15738 0.97956
1520530412953638656 2.69210 -1.20967 1.02765 -0.19561 -0.01087 -0.18995 0.96205
1520530413053008896 2.54894 -1.30014 1.04239 -0.29091 0.00180 -0.19748 0.93615
1520530413153011712 2.38010 -1.44214 0.98154 -0.38768 0.01971 -0.17702 0.90442
1520530413253015808 2.22306 -1.61998 0.86271 -0.46261 0.03091 -0.12780 0.87676
1520530413353018880 2.09846 -1.77923 0.71279 0.52181 -0.04128 0.05771 -0.85010
1520530413452940288 2.01900 -1.91502 0.56699 0.56597 -0.04246 0.00273 -0.82333
1520530413552943104 1.98140 -2.04269 0.43803 0.58962 -0.02653 -0.04209 -0.80615
1520530413652946176 1.96524 -2.14235 0.35396 0.59562 0.02268 -0.08581 -0.79835
1520530413752949248 1.93758 -2.20314 0.35830 0.59650 0.05288 -0.09315 -0.79543
1520530413853106944 1.88580 -2.23585 0.44697 0.58499 0.05085 -0.05014 -0.80789
1520530413953110016 1.84761 -2.26718 0.60944 0.55476 0.02918 0.00473 -0.83149
1520530414053113088 1.83543 -2.31007 0.81348 0.52395 0.00882 0.05383 -0.85000
1520530414153115904 1.86235 -2.35279 0.98934 0.50428 -0.00267 0.05907 -0.86151
1520530414252894464 1.91954 -2.37669 1.10591 -0.47814 0.02165 -0.04054 0.87708
1520530414352897280 1.99371 -2.38259 1.16622 -0.46231 0.03438 -0.01275 0.88596
1520530414452900352 2.08650 -2.38242 1.18986 -0.44295 0.04825 0.01168 0.89517
1520530414552903424 2.20131 -2.39604 1.17487 -0.40297 0.05622 0.01189 0.91341
1520530414652705280 2.33344 -2.41306 1.14139 -0.35186 0.05172 -0.00930 0.93458
1520530414752708096 2.46981 -2.42928 1.09731 -0.29044 0.04206 -0.03921 0.95516
1520530414852712192 2.60415 -2.44468 1.03630 -0.21403 0.01706 -0.04847 0.97547
1520530414952715264 2.73107 -2.46124 0.94726 -0.13723 0.00242 -0.03546 0.98990
1520530415052718080 2.84643 -2.48932 0.83715 -0.06018 -0.01097 -0.02407 0.99784
1520530415153196800 2.95037 -2.54059 0.72607 0.00902 -0.03104 -0.02296 0.99921
1520530415253199872 3.03734 -2.61019 0.61757 0.05189 -0.04483 -0.00382 0.99764
1520530415353202944 3.10945 -2.68762 0.51688 0.07242 -0.05054 0.02193 0.99585
1520530415453205760 3.15898 -2.76192 0.42942 0.07496 -0.04508 0.03989 0.99537
1520530415553068800 3.19207 -2.83134 0.36593 0.07071 -0.03182 0.06952 0.99456
1520530415653071872 3.22046 -2.88803 0.32744 0.07291 -0.01977 0.12997 0.98864
1520530415753074944 3.25695 -2.93070 0.31905 0.10000 -0.00940 0.16016 0.98197
1520530415853078784 3.31201 -2.95770 0.33671 0.13699 0.00772 0.14535 0.97982
1520530415953363200 3.37910 -2.97274 0.37507 0.16778 -0.00384 0.11468 0.97912
1520530416053366272 3.43114 -2.98439 0.41860 0.19097 -0.02796 0.08643 0.97738
1520530416153369088 3.46278 -3.00037 0.45462 0.20314 -0.04701 0.06673 0.97574
1520530416253372160 3.46585 -3.01795 0.46875 0.20546 -0.05601 0.06170 0.97511
1520530416353376512 3.43864 -3.01879 0.46783 0.20142 -0.05767 0.06634 0.97555
1520530416453380352 3.37532 -3.01370 0.45565 0.19216 -0.06448 0.06860 0.97684
1520530416553383424 3.26232 -3.00626 0.43856 0.15829 -0.06487 0.06569 0.98307
1520530416653386240 3.09208 -3.00127 0.42603 0.10020 -0.06006 0.06417 0.99108
1520530416753274368 2.86712 -3.00200 0.42360 0.02801 -0.05125 0.06696 0.99605
1520530416853277440 2.60733 -3.01763 0.42847 -0.02310 -0.02532 0.06420 0.99735
1520530416953280512 2.35139 -3.04350 0.44613 -0.07242 0.01970 0.06957 0.99475
1520530417053283328 2.12840 -3.07454 0.47394 -0.12947 0.05306 0.09204 0.98588
1520530417153371392 1.95476 -3.09607 0.50529 -0.17859 0.07496 0.12149 0.97351
1520530417253374464 1.82974 -3.10710 0.53580 -0.22157 0.08796 0.13181 0.96218
1520530417353378304 1.75008 -3.09960 0.55775 -0.25234 0.09603 0.11792 0.95561
1520530417453381376 1.71367 -3.07954 0.56324 -0.25937 0.09658 0.10648 0.95502
1520530417553464320 1.70486 -3.00077 0.54834 -0.24928 0.09033 0.11070 0.95783
1520530417653467392 1.73769 -2.93220 0.52584 -0.22773 0.07581 0.11202 0.96428
1520530417753470464 1.81824 -2.84573 0.49796 -0.19919 0.05960 0.10679 0.97230
1520530417853473536 1.95917 -2.76033 0.47455 -0.17448 0.05029 0.09586 0.97869
1520530417953455360 2.15301 -2.68868 0.46208 -0.15917 0.02828 0.07981 0.98361
1520530418053458432 2.33282 -2.61965 0.47590 -0.15095 -0.00556 0.05403 0.98705
1520530418153462528 2.49483 -2.57117 0.51063 -0.11685 -0.02915 0.03365 0.99215
1520530418253465344 2.63288 -2.54928 0.54590 -0.07309 -0.06052 0.01829 0.99532
1520530418353431296 2.72877 -2.55373 0.57138 -0.04458 -0.08098 0.00167 0.99572
1520530418453434112 2.77381 -2.56740 0.57303 -0.01441 -0.08683 0.00115 0.99612
1520530418553437184 2.76995 -2.57834 0.54785 0.01048 -0.08849 0.01681 0.99588
1520530418653440256 2.73235 -2.57536 0.50078 0.02281 -0.07288 0.02946 0.99664
1520530418753342976 2.66027 -2.55950 0.44541 0.01502 -0.06712 0.03466 0.99703
1520530418853345536 2.54077 -2.53076 0.39396 0.00234 -0.06433 0.03003 0.99747
1520530418953349888 2.38176 -2.51079 0.36360 -0.02116 -0.03991 0.03219 0.99846
1520530419053352960 2.21030 -2.51152 0.36898 -0.05688 0.01425 0.04190 0.99740
1520530419153532928 2.04335 -2.49847 0.41065 -0.10025 0.04683 0.05839 0.99214
1520530419253536000 1.90749 -2.48496 0.47776 -0.13931 0.06882 0.07370 0.98510
1520530419353539072 1.82629 -2.46709 0.55104 -0.16627 0.09318 0.07519 0.97878
1520530419453541888 1.77865 -2.45608 0.61788 -0.18748 0.12863 0.05811 0.97207
1520530419553544960 1.76479 -2.44169 0.65291 -0.20089 0.14741 0.03431 0.96785
1520530419653731328 1.78069 -2.42510 0.64455 -0.20479 0.14902 0.02982 0.96694
1520530419753734400 1.81970 -2.38924 0.59287 -0.20821 0.14288 0.05030 0.96628
1520530419853738240 1.90784 -2.34265 0.51918 -0.20179 0.12390 0.07945 0.96831
1520530419953740288 2.06487 -2.28029 0.44241 -0.17993 0.10696 0.09707 0.97302
1520530420053598720 2.25817 -2.20081 0.38284 -0.15198 0.07140 0.11024 0.97962
1520530420153601536 2.45525 -2.12031 0.37066 -0.10517 0.01326 0.11084 0.98817
1520530420253604608 2.64652 -2.07147 0.40915 -0.04219 -0.04283 0.09316 0.99383
1520530420353607680 2.80186 -2.05796 0.48180 0.02580 -0.07514 0.06396 0.99478
1520530420453700096 2.90582 -2.06417 0.55801 0.07889 -0.08922 0.03827 0.99214
1520530420553704192 2.96182 -2.07822 0.61383 0.11708 -0.09286 0.02133 0.98854
1520530420653707264 2.97718 -2.09349 0.63196 0.14071 -0.08648 0.01756 0.98611
1520530420753710336 2.96072 -2.10774 0.60314 0.14751 -0.08187 0.02935 0.98523
1520530420853357824 2.92750 -2.10464 0.54092 0.14291 -0.07974 0.04364 0.98555
1520530420953360896 2.84206 -2.09260 0.45690 0.12392 -0.07030 0.05954 0.98801
1520530421053363712 2.71172 -2.06569 0.37138 0.08304 -0.05700 0.07285 0.99224
1520530421153366784 2.53462 -2.04300 0.31003 0.03011 -0.03877 0.07011 0.99633
1520530421253431296 2.32728 -2.01863 0.28219 -0.03429 0.00014 0.06617 0.99722
1520530421353434368 2.10772 -1.99890 0.29495 -0.10335 0.03586 0.07084 0.99147
1520530421453437440 1.91682 -1.99514 0.35486 -0.16583 0.06808 0.07402 0.98101
1520530421553440256 1.77369 -1.99620 0.44964 -0.21853 0.09820 0.05846 0.96911
1520530421653612800 1.67703 -1.99437 0.55411 -0.25317 0.12943 0.03220 0.95818
1520530421753615872 1.61466 -1.97833 0.64154 -0.27187 0.14680 0.00717 0.95104
1520530421853617920 1.57485 -1.95656 0.69277 -0.28040 0.15525 -0.00024 0.94725
1520530421953692928 1.56536 -1.92311 0.70482 -0.27566 0.14735 0.00026 0.94989
1520530422053471744 1.60137 -1.88015 0.68228 -0.26460 0.13731 -0.00352 0.95453
1520530422153475840 1.69028 -1.82467 0.63010 -0.24519 0.11857 -0.00013 0.96220
1520530422253478656 1.82920 -1.75951 0.56508 -0.22513 0.09562 0.01986 0.96942
1520530422353481728 1.99282 -1.68917 0.50633 -0.19452 0.07054 0.03923 0.97757
1520530422453394688 2.14718 -1.62494 0.47183 -0.14487 0.03607 0.04540 0.98775
1520530422553397760 2.31069 -1.57016 0.45700 -0.07027 0.00161 0.05004 0.99627
1520530422653400320 2.46847 -1.54767 0.45956 0.01076 -0.02516 0.05927 0.99787
1520530422753403392 2.59722 -1.56462 0.47264 0.08934 -0.03485 0.06215 0.99345
1520530422853580544 2.67876 -1.60299 0.49334 0.15064 -0.02775 0.06484 0.98607
1520530422953584640 2.70778 -1.63864 0.52219 0.17536 -0.01290 0.04859 0.98322
1520530423053587712 2.69814 -1.66690 0.55581 0.16772 -0.00409 0.00301 0.98582
1520530423153590784 2.66019 -1.69362 0.59499 0.14410 -0.00616 -0.07643 0.98659
1520530423253315840 2.61507 -1.72601 0.63735 0.11577 -0.01257 -0.18205 0.97637
1520530423353318912 2.57039 -1.76428 0.67178 0.08910 -0.01063 -0.27002 0.95867
1520530423453321984 2.52264 -1.81452 0.68980 0.05957 -0.00427 -0.33256 0.94119
1520530423553358848 2.47658 -1.87579 0.69072 0.02632 0.00664 -0.35002 0.93635
1520530423652983552 2.42920 -1.92349 0.66826 -0.00875 0.02426 -0.29211 0.95604
1520530423752986368 2.38817 -1.96315 0.62567 -0.04800 0.03761 -0.18272 0.98127
1520530423852990464 2.34988 -2.00277 0.57002 -0.08182 0.03774 -0.05834 0.99422
1520530423952993280 2.32187 -2.03765 0.51710 -0.10541 0.02858 0.06585 0.99183
1520530424052950016 2.31019 -2.08006 0.46158 -0.11750 0.01176 0.20895 0.97077
1520530424153255168 2.31706 -2.11301 0.41986 -0.11959 -0.00898 0.33742 0.93368
1520530424253258240 2.33926 -2.12620 0.40889 -0.11465 -0.02582 0.38999 0.91329
1520530424353261312 2.35829 -2.11720 0.43273 -0.11365 -0.02609 0.32577 0.93823
1520530424453264128 2.38138 -2.10723 0.49027 -0.11091 -0.00784 0.16399 0.98018
1520530424554724096 2.40898 -2.10861 0.55686 -0.09940 0.01351 -0.01959 0.99476
1520530424654727168 2.42659 -2.13547 0.61448 -0.09079 0.02280 -0.15348 0.98371
1520530424754730240 2.42854 -2.16072 0.65198 -0.08809 0.02009 -0.19893 0.97584
1520530424854733312 2.40127 -2.18297 0.65421 -0.08457 0.02161 -0.15382 0.98424
1520530424953377280 2.36925 -2.19844 0.61075 -0.07507 0.01122 -0.01558 0.99699
1520530425053379328 2.34895 -2.22587 0.56070 -0.04122 -0.00724 0.12241 0.99160
1520530425153383168 2.33896 -2.26457 0.53412 0.01533 -0.02549 0.16766 0.98540
1520530425253385216 2.33587 -2.31672 0.53966 0.08175 -0.04630 0.11722 0.98865
1520530425353734144 2.34128 -2.36068 0.55448 0.15640 -0.06511 0.06475 0.98342
1520530425453736960 2.35305 -2.39221 0.56036 0.23227 -0.06802 0.05568 0.96867
1520530425553740032 2.36312 -2.40847 0.56893 0.22184 -0.03690 0.05405 0.97289
1520530425653743104 2.37112 -2.40935 0.57707 0.08742 0.00836 0.06708 0.99388
1520530425753676544 2.35823 -2.41934 0.58882 -0.08557 0.02324 0.06718 0.99379
1520530425853679616 2.33204 -2.44168 0.60011 -0.25278 0.04036 0.03229 0.96614
1520530425953682688 2.30686 -2.46272 0.60291 -0.36407 0.06218 -0.00127 0.92929
1520530426053685760 2.28725 -2.46096 0.59416 -0.36669 0.05635 0.00303 0.92863
1520530426153475328 2.28371 -2.46830 0.58111 -0.27329 0.03977 0.03606 0.96043
1520530426253478400 2.29578 -2.46536 0.57235 -0.13719 0.01535 0.06964 0.98797
1520530426353481216 2.32602 -2.46183 0.57172 0.01371 -0.00081 0.07060 0.99741
1520530426453484288 2.35671 -2.47136 0.57532 0.16617 -0.02248 0.03970 0.98504
1520530426553550848 2.38073 -2.48853 0.57857 0.25839 -0.03395 0.02225 0.96519
1520530426653553920 2.38467 -2.49896 0.57698 0.21696 -0.01248 0.02697 0.97573
1520530426753558016 2.36373 -2.51995 0.57470 0.08257 -0.01523 0.04770 0.99533
1520530426853560064 2.31448 -2.55283 0.57092 -0.08382 -0.01665 0.06016 0.99452
1520530426953597440 2.25966 -2.60082 0.56227 -0.21595 -0.00234 0.05587 0.97480
1520530427053601536 2.19706 -2.65970 0.55799 -0.31315 0.01917 0.05672 0.94782
1520530427153604608 2.12476 -2.71166 0.55768 -0.40304 0.03965 0.06781 0.91180
1520530427253607424 2.06290 -2.74619 0.55772 -0.49081 0.04707 0.07499 0.86676
1520530427353592320 2.02475 -2.76600 0.55503 0.56313 -0.05030 -0.07880 -0.82106
1520530427453595392 1.99857 -2.77782 0.55952 0.62271 -0.04548 -0.08614 -0.77636
1520530427553598464 1.99202 -2.77695 0.56247 0.64925 -0.03870 -0.09281 -0.75389
1520530427653601536 1.98038 -2.75846 0.56780 0.64289 -0.03479 -0.09753 -0.75893
1520530427753677568 1.99012 -2.72616 0.56584 0.60833 -0.04432 -0.09023 -0.78729
1520530427853680640 2.04910 -2.68004 0.57159 0.54983 -0.06197 -0.07428 -0.82966
1520530427953683712 2.12901 -2.59861 0.57159 -0.46441 0.06862 0.04439 0.88184
1520530428053686528 2.26171 -2.49907 0.57252 -0.32958 0.05843 0.00385 0.94231
1520530428153534976 2.43528 -2.43122 0.56906 -0.16281 0.04661 -0.01786 0.98539
1520530428253537792 2.63959 -2.39504 0.56427 0.00451 0.02414 -0.01088 0.99964
1520530428353541888 2.83250 -2.39986 0.56587 0.16840 0.00307 -0.01395 0.98562
1520530428453543936 3.00677 -2.45986 0.57563 0.32101 -0.01745 -0.03060 0.94642
1520530428553451008 3.13185 -2.54667 0.58694 0.45564 -0.03139 -0.03860 0.88877
1520530428653454080 3.20293 -2.63227 0.59481 0.56788 -0.02603 -0.03048 0.82213
1520530428753457152 3.22483 -2.70491 0.59240 0.66130 -0.01282 -0.02247 0.74967
1520530428853459968 3.21597 -2.75939 0.58397 0.73960 -0.00286 -0.02006 0.67274
1520530428953463040 3.14271 -2.80772 0.57471 0.81412 0.01689 -0.02725 0.57981
1520530429053445376 3.03398 -2.82912 0.57163 0.88163 0.03786 -0.03358 0.46921
1520530429153448448 2.90660 -2.82701 0.56482 0.93592 0.04933 -0.04267 0.34611
1520530429253451264 2.76300 -2.82340 0.55549 0.97418 0.04784 -0.04032 0.21695
1520530429353455360 2.61374 -2.78199 0.55341 0.99554 0.03317 -0.02878 0.08353
1520530429453552640 2.46728 -2.71670 0.55807 0.99868 0.02261 -0.01835 -0.04232
1520530429553555712 2.34588 -2.61200 0.56922 0.98681 0.01635 -0.01496 -0.16037
1520530429653558784 2.25412 -2.48568 0.57776 0.96095 0.00699 -0.01396 -0.27629
1520530429753561856 2.16957 -2.34923 0.58280 0.92412 -0.00814 -0.01182 -0.38183
1520530429853625856 2.13173 -2.18109 0.58430 0.87615 -0.01555 -0.00538 -0.48176
1520530429953625600 2.10845 -2.00916 0.57624 0.81359 -0.01593 -0.00758 -0.58117
1520530430053628672 2.15146 -1.82481 0.57773 0.73201 -0.01623 -0.01355 -0.68097
1520530430153631744 2.21880 -1.66486 0.57780 0.63288 -0.01370 -0.01672 -0.77395
1520530430253346048 2.30749 -1.52063 0.57595 0.52300 -0.02299 -0.02240 -0.85173
1520530430353348864 2.41912 -1.39562 0.57169 -0.40941 0.03033 0.02516 0.91150
1520530430453351936 2.54234 -1.30227 0.56721 -0.30749 0.03313 0.02106 0.95074
1520530430553355008 2.69332 -1.24469 0.56715 -0.20758 0.03886 0.01545 0.97732
1520530430653528576 2.84498 -1.23210 0.57538 -0.10793 0.04471 0.01098 0.99309
1520530430753532416 2.97936 -1.24167 0.58321 -0.00761 0.05554 0.00363 0.99842
1520530430853534464 3.11774 -1.30921 0.58347 0.09114 0.06540 -0.00106 0.99369
1520530430953538304 3.23832 -1.41775 0.57844 0.19082 0.06622 -0.01299 0.97930
1520530431053698048 3.34788 -1.52729 0.56914 0.28805 0.06429 -0.02278 0.95518
1520530431153701120 3.45490 -1.63243 0.55907 0.38529 0.06160 -0.02404 0.92043
1520530431253704192 3.51197 -1.78435 0.55628 0.48577 0.05296 -0.02844 0.87201
1520530431353708032 3.54097 -1.93539 0.55496 0.58984 0.04597 -0.03229 0.80556
1520530431453562112 3.55321 -2.08039 0.55091 0.69674 0.04528 -0.02686 0.71539
1520530431553564928 3.54396 -2.21917 0.54511 0.79517 0.03937 -0.03140 0.60429
1520530431653568000 3.47362 -2.35060 0.53724 0.87706 0.03281 -0.03670 0.47785
1520530431753571072 3.36646 -2.45210 0.52371 0.93866 0.03583 -0.04015 0.34061
1520530431853524480 3.24336 -2.51483 0.51328 0.97734 0.03911 -0.04325 0.20348
1520530431953527552 3.07903 -2.52370 0.51012 0.99707 0.03072 -0.03692 0.05950
1520530432053530368 2.91681 -2.48121 0.51375 0.99611 0.01747 -0.03614 -0.07850
1520530432153533440 2.80180 -2.43033 0.51050 0.97518 0.01263 -0.03181 -0.21877
1520530432253696000 2.70918 -2.31863 0.51236 0.93889 0.01359 -0.02314 -0.34317
1520530432353699840 2.67181 -2.19418 0.51772 0.88994 0.01906 -0.01379 -0.45547
1520530432453701888 2.71649 -2.06767 0.53129 0.83066 0.02280 -0.01172 -0.55618
1520530432553704960 2.78579 -1.98714 0.54366 0.75471 0.01919 -0.00872 -0.65572
1520530432653547776 2.87740 -1.93795 0.55077 0.66339 0.00846 -0.01266 -0.74812
1520530432753550848 2.99895 -1.93060 0.55293 0.56440 -0.00182 -0.01717 -0.82532
1520530432853553664 3.02560 -1.87544 0.55710 -0.45380 0.01455 0.00829 0.89095
1520530432953556736 3.12624 -1.87481 0.55835 -0.33123 0.02719 0.00121 0.94316
1520530433053690368 3.24405 -1.91474 0.55694 -0.20930 0.04041 0.00499 0.97700
1520530433153693440 3.35769 -1.98406 0.55272 -0.09942 0.05181 0.00420 0.99369
1520530433253695488 3.45397 -2.06394 0.54865 0.00168 0.04452 0.00430 0.99900
1520530433353699328 3.54646 -2.17077 0.54451 0.09090 0.04777 -0.00261 0.99471
1520530433453702400 3.62617 -2.30089 0.54077 0.17381 0.04276 -0.00668 0.98383
1520530433553795328 3.69753 -2.44829 0.53416 0.24877 0.03388 -0.01120 0.96790
1520530433653798400 3.75931 -2.60406 0.52166 0.32284 0.02303 -0.00529 0.94616
1520530433753801472 3.81034 -2.74982 0.51297 0.39602 0.02429 0.01565 0.91779
1520530433853804288 3.84668 -2.88856 0.51085 0.47362 0.03068 0.02707 0.87978
1520530433953631744 3.88167 -3.04659 0.50665 0.55724 0.03194 0.01680 0.82957
1520530434053634560 3.88468 -3.20894 0.49880 0.64296 0.02962 0.00905 0.76527
1520530434153637632 3.85828 -3.37763 0.49157 0.72019 0.04029 0.00727 0.69256
1520530434253641728 3.81067 -3.55032 0.48859 0.79384 0.05394 0.01040 0.60565
1520530434353480960 3.72357 -3.69916 0.48807 0.86237 0.05801 0.00990 0.50285
1520530434453483008 3.61012 -3.81359 0.49281 0.92261 0.05481 0.00057 0.38182
1520530434553486080 3.50054 -3.92215 0.48949 0.96651 0.04554 -0.01143 0.25229
1520530434653489152 3.37453 -3.98101 0.48809 0.99152 0.03911 -0.01430 0.12312
1520530434753657600 3.26185 -4.01018 0.49220 0.99933 0.02834 -0.02121 -0.00942
1520530434853722624 3.16185 -3.97239 0.49782 0.98805 0.00929 -0.02259 -0.15222
1520530434953662720 3.08639 -3.87495 0.50638 0.95431 0.00579 -0.03169 -0.29709
1520530435053666560 3.07725 -3.73711 0.51053 0.90132 -0.00469 -0.04323 -0.43096
1520530435153798400 3.09465 -3.64420 0.50400 0.82750 -0.02067 -0.04983 -0.55886
1520530435253801472 3.18944 -3.51722 0.50260 0.73355 -0.02797 -0.06258 -0.67616
1520530435353804288 3.32646 -3.40770 0.50426 0.63778 -0.04108 -0.07131 -0.76581
1520530435453807360 3.47392 -3.29817 0.49318 0.53353 -0.04943 -0.07010 -0.84142
1520530435554087680 3.65389 -3.20656 0.47743 -0.42192 0.04285 0.06900 0.90299
1520530435654090752 3.85504 -3.13036 0.46803 -0.30817 0.04395 0.07065 0.94769
1520530435754093568 4.06326 -3.07588 0.45861 -0.19308 0.03949 0.06541 0.97820
1520530435854096640 4.27138 -3.05880 0.44815 -0.08438 0.03228 0.06894 0.99352
1520530435953834752 4.46473 -3.06014 0.44069 0.02408 0.02209 0.07710 0.99649
1520530436053837824 4.64096 -3.06924 0.43602 0.14189 0.02392 0.07842 0.98648
1520530436153840896 4.78477 -3.10408 0.43769 0.26490 0.02902 0.07853 0.96064
1520530436253843712 4.89096 -3.15572 0.44237 0.37232 0.03380 0.06985 0.92485
1520530436353955584 4.96488 -3.19733 0.44586 0.45651 0.03831 0.06493 0.88652
1520530436453978368 5.00078 -3.21986 0.44960 0.51705 0.04068 0.06529 0.85249
1520530436553961472 5.09004 -3.16228 0.44663 0.54938 0.03874 0.06460 0.83217
1520530436653965568 5.06975 -3.22257 0.46123 0.55965 0.03245 0.04904 0.82664
1520530436754030848 5.04154 -3.21661 0.49029 0.54334 0.01492 0.02069 0.83912
1520530436854033920 4.93416 -3.21568 0.55067 0.50764 -0.02626 -0.02660 0.86076
1520530436954036992 4.85418 -3.15671 0.61566 0.44481 -0.09186 -0.08228 0.88709
1520530437054040064 4.73728 -3.06118 0.65466 0.34653 -0.14856 -0.11472 0.91907
1520530437153533440 4.59951 -2.95220 0.65155 0.21645 -0.17834 -0.11113 0.95341
1520530437253536512 4.45303 -2.87430 0.60141 0.07516 -0.18209 -0.07810 0.97729
1520530437353539584 4.29144 -2.84208 0.51008 -0.06493 -0.16686 -0.01610 0.98371
1520530437453544704 4.12666 -2.85657 0.40310 -0.19587 -0.15345 0.06582 0.96631
1520530437553870080 3.97104 -2.91338 0.32441 -0.32894 -0.12113 0.13298 0.92706
1520530437653873152 3.83910 -2.99419 0.29831 -0.44397 -0.09253 0.16476 0.87589
1520530437753876224 3.74072 -3.06959 0.32324 0.53987 0.06011 -0.17890 -0.82032
1520530437853879296 3.67142 -3.12501 0.38708 0.62978 0.00365 -0.16331 -0.75940
1520530437954482176 3.62953 -3.15735 0.46399 0.68217 -0.05728 -0.14475 -0.71443
1520530438054484224 3.61857 -3.15220 0.52767 0.67643 -0.12132 -0.12742 -0.71518
1520530438154486016 3.62797 -3.06786 0.57020 0.62129 -0.17339 -0.11517 -0.75543
1520530438254488832 3.65799 -2.94146 0.58230 0.53145 -0.20020 -0.12014 -0.81428
1520530438354491904 3.70238 -2.81805 0.56742 -0.42311 0.20387 0.14760 0.87042
1520530438453622784 3.82252 -2.69915 0.53309 -0.29738 0.18902 0.19012 0.91635
1520530438553625856 3.96044 -2.62009 0.48022 -0.17849 0.14773 0.23331 0.94440
1520530438653628928 4.07473 -2.57308 0.43647 -0.06371 0.11472 0.26128 0.95630
1520530438753631744 4.18129 -2.56016 0.41946 0.03203 0.09441 0.25687 0.96129
1520530438854391552 4.27798 -2.56352 0.42355 0.10093 0.05133 0.21502 0.97002
1520530438954394624 4.35787 -2.57744 0.43869 0.14241 -0.00016 0.14929 0.97848
1520530439054397696 4.39490 -2.58593 0.46446 0.16406 -0.02723 0.09875 0.98112
1520530439154400512 4.39479 -2.57584 0.49487 0.16631 -0.02760 0.07613 0.98274
1520530439254654976 4.34262 -2.56789 0.53357 0.14653 -0.01176 0.05930 0.98736
1520530439354658816 4.29778 -2.56334 0.55504 0.12153 -0.00386 0.04830 0.99140
1520530439454660864 4.28251 -2.55215 0.56304 0.10907 -0.00275 0.03781 0.99331
1520530439554664960 4.27646 -2.54847 0.57186 0.10999 0.00062 0.03138 0.99344
1520530439654177792 4.26977 -2.55011 0.57811 0.13725 0.00356 0.02915 0.99010
1520530439754181888 4.26833 -2.55818 0.57739 0.18899 0.01172 0.03478 0.98129
1520530439854184960 4.27338 -2.58074 0.57394 0.25764 0.01657 0.04439 0.96508
1520530439954187776 4.27480 -2.60486 0.56861 0.33460 0.02376 0.05884 0.94022
1520530440054100480 4.26652 -2.63722 0.56412 0.40259 0.03893 0.06854 0.91198
1520530440154103552 4.26782 -2.67312 0.56499 0.45823 0.05014 0.07439 0.88429
1520530440254106624 4.27082 -2.71850 0.56952 0.51173 0.05530 0.07675 0.85392
1520530440354109440 4.27914 -2.78319 0.57272 0.56193 0.05886 0.07500 0.82167
1520530440453976576 4.29053 -2.85315 0.57678 0.61003 0.05621 0.07476 0.78684
1520530440553979648 4.29360 -2.92823 0.58299 0.65352 0.05652 0.06766 0.75176
1520530440653983488 4.29428 -3.00250 0.58599 0.68906 0.06322 0.06055 0.71940
1520530440753986560 4.29345 -3.07611 0.58664 0.71743 0.06981 0.06095 0.69044
1520530440853871360 4.29401 -3.14894 0.58620 0.73970 0.07508 0.06516 0.66556
1520530440953874432 4.29556 -3.22027 0.58474 0.76174 0.08466 0.06681 0.63884
1520530441053876224 4.29014 -3.28964 0.58545 0.79028 0.09185 0.07120 0.60163
1520530441153883136 4.27310 -3.35174 0.58708 0.82462 0.10192 0.07570 0.55126
1520530441253888768 4.25390 -3.40749 0.59640 0.86267 0.11327 0.06729 0.48831
1520530441353891840 4.22766 -3.44838 0.60440 0.90163 0.11446 0.04998 0.41408
1520530441453894912 4.18934 -3.43660 0.62455 0.93697 0.10811 0.03521 0.33040
1520530441553897984 4.15446 -3.38196 0.64119 0.96285 0.09584 0.02837 0.25087
1520530441654082816 4.14050 -3.27360 0.65032 0.97953 0.07149 0.03075 0.18566
1520530441754085888 4.12435 -3.28915 0.67212 0.98860 0.03704 0.03357 0.14201
1520530441854088704 4.09164 -3.29954 0.70398 0.99113 -0.00166 0.03935 0.12696
1520530441954091776 4.07008 -3.32887 0.74647 0.98802 -0.04504 0.05551 0.13675
1520530442054029824 4.08367 -3.33553 0.78822 0.97938 -0.08801 0.06926 0.16817
1520530442154033664 4.10396 -3.34174 0.81616 0.96726 -0.10604 0.07409 0.21833
1520530442254037504 4.14168 -3.29579 0.81970 0.94857 -0.10672 0.08248 0.28639
1520530442354039552 4.17113 -3.28759 0.80253 0.92089 -0.07888 0.09340 0.37016
1520530442453713664 4.21373 -3.21763 0.76293 0.87924 -0.03036 0.10647 0.46333
1520530442553716736 4.24665 -3.11508 0.71465 0.81765 0.02648 0.12762 0.56076
1520530442653720576 4.26022 -3.00032 0.67042 0.74179 0.06969 0.15042 0.64983
1520530442753722624 4.25908 -2.88022 0.64017 0.65929 0.10181 0.16091 0.72738
1520530442853725696 4.24245 -2.76743 0.63139 0.57623 0.13218 0.16419 0.78964
1520530442954377472 4.21016 -2.67286 0.64945 0.50025 0.14333 0.15212 0.84028
1520530443054381312 4.17296 -2.60786 0.69674 0.44316 0.13591 0.10675 0.87963
1520530443154384384 4.13893 -2.57617 0.75789 0.40127 0.13128 0.05602 0.90477
1520530443254387456 4.12059 -2.57361 0.82161 0.37374 0.14283 0.00858 0.91643
1520530443354468352 4.11378 -2.60070 0.87362 0.36568 0.16337 -0.01667 0.91614
1520530443454471424 4.10839 -2.64137 0.90334 0.38193 0.17630 -0.03572 0.90652
1520530443554474240 4.13584 -2.68576 0.90677 0.42555 0.17759 -0.04737 0.88607
1520530443654478336 4.17990 -2.78168 0.87131 0.48219 0.18287 -0.04290 0.85569
1520530443754013952 4.18356 -2.85015 0.84105 0.53481 0.19574 -0.02302 0.82166
1520530443854018048 4.17499 -2.95989 0.79549 0.58821 0.19228 -0.00031 0.78551
1520530443954022144 4.16211 -3.07770 0.72395 0.64011 0.18208 0.02467 0.74598
1520530444054023936 4.13370 -3.17979 0.66062 0.68852 0.19176 0.06106 0.69674
1520530444154403328 4.09340 -3.26795 0.61961 0.73390 0.20670 0.10409 0.63862
1520530444254406400 4.04373 -3.34923 0.59271 0.77806 0.22108 0.13857 0.57144
1520530444354410496 3.98802 -3.42475 0.57950 0.81882 0.24005 0.15723 0.49718
1520530444454413312 3.92258 -3.49817 0.58903 0.85582 0.25261 0.17123 0.41765
1520530444555263232 3.85035 -3.55058 0.61645 0.88737 0.24984 0.16808 0.34915
1520530444655166464 3.79345 -3.59900 0.65476 0.90847 0.24962 0.15998 0.29457
1520530444755169280 3.75288 -3.63707 0.71009 0.92239 0.23628 0.15900 0.26093
1520530444855172352 3.72378 -3.64692 0.79639 0.93964 0.17450 0.15274 0.25159
1520530444954962176 3.71323 -3.65601 0.88910 0.94777 0.08810 0.14706 0.26897
1520530445054965248 3.72612 -3.64950 0.97508 0.93877 0.00267 0.13476 0.31709
1520530445154968320 3.73679 -3.62901 1.04359 0.91488 -0.06990 0.10881 0.38244
1520530445254971392 3.76371 -3.55849 1.09069 0.87470 -0.12092 0.08587 0.46141
1520530445353891584 3.79032 -3.45749 1.10424 0.82812 -0.13450 0.07926 0.53838
1520530445453895680 3.82717 -3.31476 1.07014 0.76549 -0.11373 0.08917 0.62701
1520530445553898496 3.83360 -3.14183 1.00242 0.69319 -0.06380 0.09891 0.71108
1520530445653901568 3.79176 -2.94556 0.91784 0.60407 0.00371 0.14135 0.78428
1520530445753750528 3.71031 -2.74446 0.83904 0.48970 0.07366 0.18902 0.84796
1520530445853754624 3.60532 -2.56202 0.78769 0.37247 0.12903 0.22503 0.89106
1520530445953756672 3.50123 -2.40840 0.77380 0.26812 0.15903 0.24525 0.91798
1520530446053760512 3.41873 -2.28493 0.80835 0.17799 0.17057 0.23501 0.94021
1520530446154953984 3.37085 -2.18666 0.87246 0.11330 0.16676 0.18500 0.96184
1520530446254901760 3.33879 -2.11436 0.94860 0.07497 0.15455 0.11430 0.97848
1520530446354904832 3.31800 -2.06444 1.02630 0.06656 0.13801 0.03616 0.98753
1520530446454907904 3.31306 -2.04565 1.09974 0.08045 0.12545 -0.03208 0.98831
1520530446554783232 3.33682 -2.05978 1.15416 0.10825 0.12346 -0.07962 0.98321
1520530446654786048 3.40192 -2.09396 1.17808 0.16172 0.11715 -0.10475 0.97424
1520530446754789120 3.48591 -2.12647 1.18123 0.22604 0.10848 -0.11433 0.96128
1520530446854792192 3.56964 -2.19363 1.15913 0.28078 0.10267 -0.11293 0.94756
1520530446954329856 3.64616 -2.27079 1.11586 0.35521 0.09824 -0.09413 0.92483
1520530447054334208 3.69588 -2.36448 1.06517 0.42975 0.10426 -0.06180 0.89478
1520530447154337280 3.73295 -2.45737 1.00954 0.49513 0.11174 -0.01893 0.86140
1520530447254340096 3.75359 -2.56008 0.95905 0.55993 0.10869 0.01608 0.82122
1520530447354343168 3.75802 -2.66217 0.92204 0.62029 0.10132 0.03245 0.77712
1520530447454124800 3.74581 -2.75186 0.90481 0.66614 0.10192 0.04314 0.73757
1520530447554127872 3.73459 -2.81640 0.90899 0.70468 0.10369 0.04339 0.70057
1520530447654130944 3.71779 -2.85473 0.92940 0.73960 0.09058 0.03355 0.66608
1520530447754141952 3.70404 -2.87749 0.94742 0.76619 0.06561 0.02678 0.63869
1520530447854073856 3.69074 -2.89024 0.95641 0.77972 0.03444 0.02228 0.62478
1520530447954076672 3.67340 -2.89543 0.94831 0.78551 0.01200 0.03486 0.61775
1520530448054079744 3.66216 -2.90584 0.93878 0.78674 -0.00124 0.04310 0.61578
1520530448154082816 3.64939 -2.91729 0.92841 0.78560 0.00023 0.05172 0.61657
1520530448253886208 3.63527 -2.92675 0.91711 0.78247 0.01396 0.06295 0.61934
1520530448353889280 3.62451 -2.93485 0.91326 0.78112 0.01564 0.06996 0.62025
1520530448453892352 3.60823 -2.94284 0.91352 0.78028 0.00992 0.06316 0.62215
1520530448553895168 3.58860 -2.97002 0.91585 0.78140 0.00658 0.06486 0.62061
1520530448653931776 3.56572 -2.99806 0.92091 0.78317 -0.00248 0.05695 0.61919
1520530448753934848 3.53827 -3.01880 0.92257 0.78535 -0.01425 0.05868 0.61610
1520530448853938944 3.51844 -3.03209 0.92119 0.79080 -0.01649 0.05999 0.60891
1520530448953941760 3.49305 -3.02704 0.92277 0.79538 -0.00901 0.06413 0.60265
1520530449053906176 3.47566 -3.01922 0.92254 0.79666 -0.00156 0.07004 0.60036
1520530449153910272 3.46181 -3.01156 0.91769 0.79782 0.00608 0.07108 0.59866
