1520530966400357376 -0.01586 -0.01113 0.02148 0.99883 0.02300 -0.04261 -0.00174
1520530966500361728 -0.05108 -0.00882 0.03546 0.99891 0.00670 -0.04615 -0.00081
1520530966600365568 -0.09993 -0.00220 0.05366 0.99850 -0.00999 -0.05364 0.00371
1520530966700341504 -0.16853 0.00063 0.07688 0.99822 -0.02085 -0.05567 0.00406
1520530966800344576 -0.23650 0.01069 0.10095 0.99833 -0.03124 -0.04842 -0.00253
1520530966900348416 -0.29599 0.02662 0.12452 0.99848 -0.03689 -0.04050 -0.00575
1520530967000350464 -0.33837 0.05123 0.14805 0.99921 -0.03091 -0.02266 -0.01048
1520530967100196608 -0.37328 0.08073 0.17502 0.99939 -0.02918 -0.00423 -0.01863
1520530967200195584 -0.41600 0.11374 0.20150 0.99834 -0.04105 0.01095 -0.03898
1520530967300198656 -0.45710 0.15335 0.21769 0.99590 -0.05264 0.02176 -0.07023
1520530967400202496 -0.50918 0.19736 0.22435 0.99219 -0.04619 0.03752 -0.10961
1520530967500070144 -0.56424 0.24882 0.21687 0.98685 -0.04557 0.05906 -0.14338
1520530967600072960 -0.61803 0.31284 0.19222 0.98025 -0.04595 0.08689 -0.17161
1520530967700075776 -0.67843 0.39520 0.16274 0.97565 -0.02464 0.09606 -0.19562
1520530967800078848 -0.72437 0.48323 0.11507 0.97189 0.00190 0.08430 -0.21983
1520530967900036096 -0.74812 0.56196 0.04828 0.96779 0.01669 0.07308 -0.24034
1520530968000039168 -0.75539 0.60728 -0.03347 0.96535 0.03254 0.05870 -0.25220
1520530968100043008 -0.74207 0.61043 -0.11733 0.96421 0.06056 0.03611 -0.25559
1520530968200046080 -0.69393 0.56771 -0.19263 0.96356 0.09251 -0.00383 -0.25094
1520530968300314624 -0.60509 0.48466 -0.24620 0.96161 0.12374 -0.05061 -0.23964
1520531025303041792 0.11154 -0.09076 -0.02566 0.79773 0.01023 0.04340 0.60137
1520531025403004672 0.37720 -0.10700 -0.05818 0.75178 0.01368 -0.02620 0.65875
1520531025503007744 0.42947 -0.07944 -0.02763 0.69825 0.01839 -0.08056 0.71107
1520531025602972416 0.53894 -0.03752 -0.00592 0.64461 0.01828 -0.06857 0.76121
1520531025702975488 0.63627 0.03199 0.02056 0.59197 0.00970 -0.06446 0.80332
1520531025802979584 0.73797 0.12070 0.03551 0.54845 -0.00190 -0.06259 0.83383
1520531025902982656 0.85586 0.24618 0.04167 0.50742 -0.01897 -0.07279 0.85841
1520531026002883072 0.95775 0.40420 0.05265 0.46958 -0.05020 -0.08084 0.87775
1520531026102885888 1.03309 0.58446 0.07323 0.43340 -0.06271 -0.07038 0.89626
1520531026202888960 1.08876 0.77761 0.09383 0.39548 -0.06241 -0.06407 0.91411
1520531026302892800 1.12288 1.00262 0.10843 0.34461 -0.07123 -0.06588 0.93372
1520531026402658560 1.12892 1.23566 0.10301 0.28664 -0.05884 -0.05514 0.95464
1520531026502661376 1.10951 1.50675 0.08780 0.22248 -0.06530 -0.04876 0.97153
1520531026602664448 1.05806 1.80364 0.07432 0.15173 -0.08392 -0.05087 0.98354
1520531026702667520 0.95359 2.09835 0.06988 0.06573 -0.08763 -0.03093 0.99350
1520531026802561536 0.80325 2.41645 0.06456 -0.03544 -0.09515 -0.00784 0.99480
1520531026902564608 0.61630 2.72232 0.05234 -0.11720 -0.10633 0.00187 0.98740
1520531027002567424 0.38975 2.96046 0.02186 -0.19202 -0.10270 -0.00546 0.97599
1520531027102570496 0.11796 3.19295 -0.01878 -0.25779 -0.11313 -0.00849 0.95952
1520531027202629632 -0.18541 3.34686 -0.04882 -0.32080 -0.13405 -0.00758 0.93758
1520531027302632448 -0.51355 3.52020 -0.07952 -0.37210 -0.13264 -0.00116 0.91867
1520531027402636544 -0.87544 3.62771 -0.11333 -0.43270 -0.12660 -0.01194 0.89253
1520531027502639616 -1.25718 3.72951 -0.15944 -0.49480 -0.12185 -0.00216 0.86042
1520531027602704640 -1.68011 3.79952 -0.22559 0.55708 0.12285 -0.01127 -0.82125
1520531027702707456 -2.12986 3.84988 -0.29369 0.62370 0.12464 -0.01303 -0.77155
1520531027802710528 -2.60007 3.89440 -0.35537 0.69409 0.13189 -0.02672 -0.70720
1520531027902713600 -3.08268 3.88536 -0.41066 0.75887 0.12576 -0.04033 -0.63771
1520531028002568704 -3.56030 3.82618 -0.47702 0.80959 0.12042 -0.03684 -0.57332
1520531028102571776 -4.06756 3.77682 -0.56305 0.85358 0.10593 -0.02702 -0.50936
1520531028202574848 -4.58631 3.70177 -0.65301 0.88956 0.09830 -0.01425 -0.44589
1520531028302577664 -5.11961 3.61032 -0.73548 0.91745 0.10423 -0.00514 -0.38393
1520531028402513920 -5.64068 3.48509 -0.80759 0.94199 0.10032 -0.01198 -0.32008
1520531028502516992 -6.17320 3.35955 -0.89303 0.96390 0.09411 -0.00700 -0.24898
1520531028602520064 -6.70815 3.20100 -0.99510 0.98019 0.08971 -0.01513 -0.17593
1520531028702522880 -7.23272 2.99965 -1.10058 0.98966 0.08455 -0.02907 -0.11214
1520531028803079168 -7.73929 2.75055 -1.18467 0.99590 0.07210 -0.03447 -0.04235
1520531028903082240 -8.26113 2.51222 -1.25370 0.99619 0.06655 -0.03973 0.04003
1520531029003086080 -8.76228 2.26028 -1.33966 0.98828 0.06026 -0.05198 0.13030
1520531029103089152 -9.26583 2.01569 -1.41228 0.97693 0.04367 -0.05586 0.20142
1520531029203092224 -9.75323 1.78813 -1.51293 0.96351 0.02307 -0.06116 0.25958
1520531029304382464 -10.28407 1.53757 -1.62784 0.94767 0.01252 -0.06569 0.31217
1520531029404385536 -10.78240 1.26605 -1.70585 0.93606 0.00898 -0.05856 0.34681
1520531029504389888 -11.29020 0.98656 -1.77933 0.92608 0.01109 -0.07035 0.37054
1520531029604392704 -11.82524 0.73405 -1.85778 0.91168 0.00329 -0.06916 0.40503
1520531029704396032 -12.29122 0.44791 -1.93577 0.89173 0.00279 -0.06743 0.44750
1520531029804399104 -12.75680 0.12930 -2.01538 0.86831 -0.00440 -0.07345 0.49053
1520531029904401920 -13.23437 -0.15832 -2.07687 0.84182 -0.01957 -0.07426 0.53426
1520531030004404992 -13.71611 -0.47005 -2.13520 0.80683 -0.02577 -0.06747 0.58635
1520531030103831552 -14.19816 -0.78446 -2.19883 0.75960 -0.03397 -0.06365 0.64637
1520531030203834624 -14.68341 -1.06292 -2.24338 0.71628 -0.04475 -0.06200 0.69361
1520531030303837440 -15.16334 -1.40390 -2.31025 0.67435 -0.06158 -0.07441 0.73207
1520531030403840512 -15.59008 -1.80748 -2.34034 0.63640 -0.07306 -0.08283 0.76341
1520531030503017216 -16.02095 -2.17698 -2.36081 0.59939 -0.08280 -0.06686 0.79335
1520531030603021312 -16.45234 -2.53626 -2.37343 0.55829 -0.07187 -0.06339 0.82409
1520531030703024384 -16.89423 -2.92805 -2.39422 0.51021 -0.08102 -0.06738 0.85357
1520531030803027456 -17.29216 -3.22246 -2.42720 0.45565 -0.07544 -0.06272 0.88474
1520531030902597888 -17.71453 -3.52246 -2.45861 0.39744 -0.06988 -0.06029 0.91297
1520531031002600960 -18.18567 -3.74299 -2.48637 0.33758 -0.07901 -0.06126 0.93597
1520531031102604800 -18.68718 -4.03543 -2.50566 0.26262 -0.09023 -0.05214 0.95926
1520531031202607872 -19.21302 -4.22505 -2.51157 0.16265 -0.08913 -0.03814 0.98191
1520531031302439680 -19.77634 -4.35714 -2.52079 0.07813 -0.09705 -0.03289 0.99166
1520531031402442752 -20.42395 -4.48335 -2.56556 -0.00065 -0.10326 -0.04118 0.99380
1520531031502445824 -21.10585 -4.61744 -2.61744 -0.06429 -0.10971 -0.04345 0.99093
1520531031602448640 -21.82525 -4.71396 -2.65383 -0.13008 -0.12005 -0.04117 0.98335
1520531031702604800 -22.59939 -4.80099 -2.68386 -0.19191 -0.11566 -0.02897 0.97414
1520531031802607872 -23.42040 -4.90150 -2.72203 -0.26628 -0.11812 -0.03518 0.95598
1520531031902610688 -24.27958 -4.97637 -2.77657 -0.34800 -0.11646 -0.01693 0.93008
1520531032002613760 -25.15842 -5.02227 -2.83602 -0.41980 -0.11702 0.00148 0.90004
1520531032102485504 -26.07759 -5.08227 -2.89059 -0.49128 -0.11211 0.00371 0.86375
1520531032202488320 -27.04151 -5.16985 -2.94648 0.57212 0.11381 -0.00926 -0.81218
1520531032302491392 -28.02790 -5.29734 -3.01769 0.64722 0.10557 -0.02571 -0.75452
1520531032402494464 -29.06596 -5.53070 -3.09951 0.71101 0.09935 -0.02356 -0.69573
1520531032502654976 -30.14284 -5.77898 -3.19972 0.76475 0.08804 -0.02482 -0.63780
1520531032602658048 -31.29701 -6.18581 -3.32899 0.80735 0.07491 -0.02124 -0.58492
1520531032702661888 -32.42647 -6.60270 -3.45081 0.84377 0.07302 -0.00838 -0.53166
1520531032802664960 -33.57907 -7.02033 -3.56046 0.87548 0.07782 -0.01502 -0.47670
1520531032903164928 -34.76400 -7.50195 -3.69306 0.90057 0.06553 -0.01872 -0.42933
1520531033003167744 -35.96719 -8.00191 -3.83449 0.92539 0.05788 -0.02904 -0.37343
1520531033103170816 -37.11369 -8.51175 -3.96595 0.94635 0.06190 -0.04119 -0.31446
1520531033203174912 -38.24119 -9.05030 -4.08817 0.96526 0.05152 -0.04783 -0.25165
1520531033303249408 -39.36321 -9.64622 -4.19043 0.98222 0.04555 -0.05215 -0.17447
1520531033403309312 -40.61457 -10.34673 -4.33367 0.99185 0.05859 -0.06937 -0.08936
1520531033503255296 -41.63981 -10.87161 -4.41183 0.99574 0.05405 -0.07374 -0.01181
1520531033603258368 -42.80367 -11.54705 -4.54185 0.99477 0.03932 -0.08386 0.04315
1520531033703262208 -43.82625 -12.18374 -4.64201 0.99211 0.01728 -0.08472 0.09078
1520531033803166208 -44.77187 -12.70503 -4.70645 0.98840 0.00928 -0.06748 0.13573
1520531033903169280 -45.72577 -13.22260 -4.75253 0.98408 0.01610 -0.05340 0.16873
1520531034003172096 -46.77637 -13.84598 -4.82300 0.98081 0.00334 -0.05836 0.18602
1520531034103175168 -47.63861 -14.31600 -4.85371 0.97371 -0.00573 -0.05268 0.22153
1520531034203041792 -48.45315 -14.73256 -4.87177 0.95984 -0.00020 -0.05184 0.27573
1520531034303044864 -49.49957 -15.35900 -4.97208 0.94186 -0.01210 -0.05776 0.33079
1520531034403048704 -50.42894 -15.88703 -5.05058 0.91859 -0.02378 -0.04681 0.39170
1520531034503051776 -51.44401 -16.44197 -5.10220 0.88223 -0.01840 -0.03097 0.46944
1520531034602928896 -52.46817 -17.08091 -5.18202 0.83625 -0.02843 -0.02436 0.54707
1520531034702931968 -53.46154 -17.68385 -5.26187 0.79591 -0.03395 -0.01424 0.60429
1520531034802934784 -54.40826 -18.21287 -5.33124 0.75158 -0.04643 -0.01450 0.65784
1520531034902937856 -55.31286 -18.71296 -5.41903 0.70819 -0.06422 -0.02038 0.70280
1520531035002735104 -56.40783 -19.35510 -5.48055 0.67184 -0.07043 -0.01333 0.73722
1520531035102738176 -57.41597 -19.93239 -5.54302 0.63458 -0.06143 -0.03064 0.76980
1520531035202741248 -58.42812 -20.52024 -5.61677 0.58387 -0.07411 -0.04154 0.80739
1520531035302744064 -59.37507 -20.86454 -5.67152 0.52597 -0.06854 -0.03276 0.84710
1520531035402722304 -60.40032 -21.31233 -5.75109 0.46486 -0.06687 -0.03396 0.88220
1520531035502725376 -61.38531 -21.69263 -5.81526 0.40372 -0.08292 -0.03474 0.91046
1520531035602728448 -62.43132 -22.04206 -5.86841 0.31426 -0.08815 -0.01827 0.94506
1520531035702731264 -63.46660 -22.40793 -5.94675 0.20896 -0.08840 -0.00057 0.97392
1520531035802891776 -64.58838 -22.67678 -5.99025 0.12800 -0.09070 0.00386 0.98761
1520531035902894848 -65.67093 -22.89433 -6.03377 0.05791 -0.09282 -0.02535 0.99367
1520531036002898688 -66.82095 -23.17277 -6.08625 -0.00737 -0.09433 -0.03945 0.99473
1520531036102901760 -67.92064 -23.29806 -6.10433 -0.06818 -0.09459 -0.03338 0.99262
1520531036202601472 -69.04147 -23.42198 -6.11962 -0.12538 -0.08841 -0.03766 0.98744
1520531036302604544 -70.16719 -23.48691 -6.14010 -0.19223 -0.08944 -0.02826 0.97686
1520531036402607360 -71.48236 -23.69968 -6.22327 -0.26850 -0.08092 -0.00824 0.95984
1520531036502610432 -72.55545 -23.63549 -6.19971 -0.32364 -0.06124 -0.01207 0.94412
1520531036602592000 -73.76616 -23.65784 -6.20699 -0.38828 -0.04825 -0.02045 0.92005
1520531036702595072 -74.93025 -23.57926 -6.17491 -0.46611 -0.04585 -0.01040 0.88348
1520531036802597888 -76.00189 -23.41677 -6.09599 0.53683 0.03620 0.01494 -0.84278
1520531036902600960 -76.93059 -23.13556 -5.97015 0.58883 0.02936 -0.00426 -0.80771
1520531037003024640 -77.86189 -22.84883 -5.83654 0.63103 0.02508 -0.02220 -0.77504
1520531037103027456 -79.10934 -22.81064 -5.79710 0.66925 0.02560 -0.01863 -0.74237
1520531037203030528 -80.51327 -23.01170 -5.82610 0.69567 0.03662 -0.02531 -0.71698
1520531037303033600 -81.98494 -23.25601 -5.85947 0.72531 0.04700 -0.03407 -0.68597
1520531037404418304 -83.40938 -23.54753 -5.87570 0.75719 0.04933 -0.04044 -0.65007
1520531037504421120 -84.83245 -23.90805 -5.90520 0.78216 0.03919 -0.05563 -0.61935
1520531037604425216 -87.09769 -24.74986 -6.07557 0.80599 0.03965 -0.06837 -0.58662
1520531037704427264 -89.13294 -25.69431 -6.22182 0.82968 0.04635 -0.06082 -0.55297
1520531037805002496 -90.98309 -26.53004 -6.30960 0.86767 0.05492 -0.06312 -0.49006
1520531037905007616 -92.53745 -27.25557 -6.35950 0.90155 0.05978 -0.05193 -0.42537
1520531038005008384 -94.11622 -27.98732 -6.40046 0.92609 0.05184 -0.04981 -0.37040
1520531038105013248 -95.52629 -28.57236 -6.40942 0.94649 0.03596 -0.04277 -0.31787
1520531038204295680 -96.86042 -29.08624 -6.40025 0.96767 0.02629 -0.03111 -0.24891
1520531038304298752 -98.29517 -29.72779 -6.41077 0.98319 0.03796 -0.03355 -0.17540
1520531038404301568 -99.46516 -30.13606 -6.34920 0.99215 0.04151 -0.03605 -0.11231
1520531038504304640 -100.59283 -30.51018 -6.28911 0.99778 0.03161 -0.03649 -0.04597
1520531038604308480 -101.67046 -30.89022 -6.21646 0.99859 0.02090 -0.03836 0.03015
1520531038703144192 -102.82775 -31.31143 -6.17547 0.99482 0.01646 -0.03090 0.09544
1520531038803147008 -103.96137 -31.70127 -6.12710 0.98605 0.00274 -0.01814 0.16545
1520531038903149824 -105.11668 -32.11465 -6.09317 0.96603 -0.00314 -0.01123 0.25817
1520531039003152896 -106.52954 -32.76017 -6.10084 0.93687 -0.00295 -0.00837 0.34956
1520531039102618368 -108.06209 -33.47169 -6.14032 0.90633 -0.00539 -0.01439 0.42230
1520531039202621440 -109.56335 -34.16884 -6.17146 0.87302 -0.01398 -0.02615 0.48678
1520531039302625536 -110.61275 -34.27758 -6.08864 0.83358 -0.02365 -0.02385 0.55137
1520531039402628352 -112.69025 -35.60301 -6.24385 0.79006 -0.02311 -0.03256 0.61173
1520531039502816512 -114.31154 -36.41152 -6.28872 0.74162 -0.03071 -0.03185 0.66936
1520531039602819328 -115.65098 -37.03584 -6.28882 0.68120 -0.03540 -0.02384 0.73085
1520531039702822400 -116.29906 -36.89926 -6.15959 0.61177 -0.03523 -0.02195 0.78995
1520531039802825472 -117.66574 -37.36040 -6.15485 0.55722 -0.03880 -0.02716 0.82901
1520531039902861312 -119.04484 -37.81271 -6.14826 0.48765 -0.05056 -0.02301 0.87127
1520531040002864384 -120.45280 -38.25343 -6.13963 0.39286 -0.05566 -0.00270 0.91791
1520531040102867456 -121.88681 -38.69874 -6.13087 0.31164 -0.05989 0.00936 0.94826
1520531040202871552 -123.33684 -39.14083 -6.12278 0.24074 -0.06314 -0.00177 0.96853
1520531040302887680 -123.74766 -38.18428 -5.87722 0.16931 -0.06450 0.00001 0.98345
1520531040402890752 -124.69867 -38.01480 -5.78501 0.10782 -0.06652 0.00509 0.99193
1520531040502893568 -125.83317 -37.90932 -5.69404 0.04550 -0.05661 0.00829 0.99732
1520531040602896640 -126.89030 -37.70125 -5.57417 -0.01416 -0.05168 0.01062 0.99851
1520531040703365120 -128.13579 -37.63063 -5.49625 -0.08339 -0.06230 0.01364 0.99447
1520531040803369216 -129.49826 -37.63245 -5.47917 -0.16086 -0.05840 0.01951 0.98506
1520531040903372288 -131.07862 -37.74724 -5.53066 -0.21011 -0.04871 0.03124 0.97596
1520531041003375360 -132.72359 -37.82057 -5.57985 -0.26553 -0.05015 0.03541 0.96214
1520531041103489280 -134.83653 -37.99388 -5.70884 -0.34510 -0.05579 0.05127 0.93550
1520531041203492096 -137.07353 -38.18480 -5.85458 -0.40807 -0.06636 0.05698 0.90875
1520531041303496960 -139.61846 -38.67186 -6.04079 -0.45593 -0.06201 0.04561 0.88668
1520531041403498240 -142.05192 -39.05296 -6.19762 0.50223 0.06560 -0.03044 -0.86170
1520531041503512576 -144.25631 -39.39245 -6.34674 0.54655 0.06828 -0.02201 -0.83435
1520531041603457792 -143.76212 -38.92260 -6.12229 0.58855 0.05825 -0.01763 -0.80617
1520531041703460608 -148.85266 -40.54819 -6.66110 0.62364 0.05565 -0.01865 -0.77950
1520531041803464704 -151.02894 -41.18420 -6.80995 0.67291 0.06051 -0.00214 -0.73724
1520531041903474688 -153.70975 -42.37231 -6.95929 0.72339 0.05863 -0.01845 -0.68770
1520531042003477504 -155.78340 -43.17700 -7.02415 0.76989 0.05252 -0.01663 -0.63580
1520531042103480576 -155.62833 -42.49862 -6.89495 0.81148 0.04719 -0.00205 -0.58247
1520531042203483648 -157.57177 -43.19520 -6.98349 0.85716 0.05465 -0.00722 -0.51209
1520531042303426816 -156.00685 -42.76993 -6.60512 0.90442 0.05592 0.00371 -0.42294
1520531042403429632 -151.20072 -43.22524 -5.68916 0.94038 0.03763 0.02613 -0.33703
1520531042503433728 -151.30083 -44.10730 -5.55901 0.96542 0.02710 0.03763 -0.25652
1520531042603436800 -151.95428 -44.83335 -5.49545 0.98208 0.02513 0.03492 -0.18350
1520531042703098624 -152.72901 -45.45129 -5.44086 0.99269 0.02977 0.03156 -0.11258
1520531042803101440 -153.56792 -46.04801 -5.38212 0.99800 0.03668 0.01839 -0.04813
1520531042903104512 -154.38351 -46.66128 -5.32866 0.99888 0.03155 0.02236 0.02734
1520531043003107584 -155.24068 -47.29603 -5.28793 0.99303 0.04006 0.01519 0.10977
1520531043103111424 -156.00390 -47.89412 -5.23771 0.98219 0.03694 0.00992 0.18396
1520531043203147264 -156.79049 -48.48964 -5.17689 0.96763 0.03092 0.00671 0.25037
1520531043303150080 -157.46190 -49.05861 -5.11070 0.93790 0.03372 0.00510 0.34523
1520531043403154432 -158.21830 -49.60797 -5.04386 0.89669 0.03358 0.01440 0.44114
1520531043503157248 -158.86358 -50.10236 -4.97059 0.85584 0.02420 0.01138 0.51654
1520531043603184128 -159.46581 -50.67319 -4.90890 0.81750 0.00743 0.00928 0.57581
1520531043703187200 -160.23352 -51.17064 -4.86423 0.77736 0.00284 0.00535 0.62902
1520531043803190272 -161.06396 -51.63046 -4.78620 0.73021 0.00396 0.01164 0.68312
1520531043903193088 -161.66413 -52.10200 -4.69817 0.68402 0.00594 0.01001 0.72937
1520531044002938880 -162.41851 -52.58622 -4.61674 0.63121 -0.01525 0.00678 0.77543
1520531044102942976 -163.10463 -53.05046 -4.53848 0.56946 -0.01230 0.00840 0.82188
1520531044202946048 -163.81535 -53.51730 -4.48243 0.50848 -0.01630 0.00517 0.86091
1520531044302948864 -164.60155 -53.98478 -4.39067 0.45116 -0.02473 -0.00031 0.89210
1520531044403132672 -165.36433 -54.42987 -4.31492 0.37431 -0.02682 0.00736 0.92689
1520531044503135744 -166.14619 -54.88105 -4.23529 0.28857 -0.02608 0.01450 0.95699
1520531044603138560 -166.94009 -55.32977 -4.16254 0.22498 -0.02744 0.01079 0.97392
1520531044703141632 -167.74436 -55.77121 -4.09713 0.16632 -0.04160 0.00266 0.98519
1520531044804200960 -168.56339 -56.21127 -4.03103 0.10954 -0.04334 -0.00031 0.99304
1520531044904203776 -169.39794 -56.65392 -3.95380 0.05507 -0.04420 0.00605 0.99749
1520531045004207872 -170.24416 -57.09753 -3.86457 0.00375 -0.03134 0.00759 0.99947
1520531045104210944 -171.47676 -56.54325 -3.64956 -0.05583 -0.04332 0.00687 0.99748
1520531045205192960 -172.00419 -56.46636 -3.52242 -0.12455 -0.04400 0.01551 0.99112
1520531045305196032 -172.36749 -56.25137 -3.40046 -0.19076 -0.03621 0.01064 0.98091
1520531045405199104 -172.46856 -55.79791 -3.27610 -0.23894 -0.04279 0.00520 0.97008
1520531045505202176 -172.48719 -55.24574 -3.15303 -0.30981 -0.05200 0.01290 0.94929
1520531045604491264 -172.81448 -54.91616 -3.05366 -0.38981 -0.04734 0.02219 0.91941
1520531045704495104 -173.22539 -54.66844 -2.96289 -0.44701 -0.04527 0.02874 0.89292
1520531045804498176 -173.68782 -54.36422 -2.88996 -0.49920 -0.05205 0.01415 0.86480
1520531045904501248 -174.22325 -54.15040 -2.81772 0.55015 0.04257 -0.00865 -0.83393
1520531046003558144 -174.88851 -54.08020 -2.73229 0.59726 0.04197 -0.01358 -0.80084
1520531046103562240 -175.60451 -54.09112 -2.63762 0.63470 0.03766 -0.02173 -0.77154
1520531046203564288 -176.29528 -54.07892 -2.54435 0.68160 0.03149 -0.01067 -0.73097
1520531046303567104 -177.00261 -54.12551 -2.46869 0.73477 0.02898 -0.00931 -0.67764
1520531046403115264 -177.71357 -54.20588 -2.40059 0.78331 0.02093 -0.00757 -0.62123
1520531046503118336 -178.41180 -54.31825 -2.32723 0.81986 0.01916 -0.00108 -0.57224
1520531046603122176 -179.09942 -54.41576 -2.24970 0.86526 0.01771 -0.00122 -0.50100
1520531046703125248 -179.75967 -54.51782 -2.17139 0.90627 0.02337 0.00043 -0.42205
1520531046802957568 -180.37143 -54.65756 -2.10189 0.93396 0.01940 0.00489 -0.35681
1520531046902960640 -180.95212 -54.80406 -2.03356 0.95562 0.00785 0.02259 -0.29362
1520531047002963456 -181.52978 -54.98343 -1.96431 0.97244 -0.00031 0.02954 -0.23129
1520531047102966528 -182.01951 -55.15942 -1.88440 0.98549 -0.00614 0.03906 -0.16505
1520531047203210496 -182.45820 -55.35147 -1.80626 0.99394 -0.00238 0.02984 -0.10581
1520531047303213568 -182.85772 -55.52975 -1.73080 0.99884 -0.01207 0.03142 -0.03449
1520531047403216640 -183.24775 -55.68688 -1.66765 0.99815 -0.00553 0.02800 0.05368
1520531047503219712 -183.66846 -55.81575 -1.60894 0.99069 -0.00353 0.02815 0.13311
1520531047603223552 -184.06070 -55.94813 -1.53585 0.97809 -0.01337 0.01721 0.20705
1520531047703071232 -184.50016 -56.04150 -1.46290 0.95468 -0.02108 0.02325 0.29599
1520531047803074304 -184.92704 -56.12106 -1.38268 0.91948 -0.00909 0.03070 0.39183
1520531047903077376 -185.30878 -56.25608 -1.30421 0.88414 -0.00884 0.03706 0.46567
1520531048003080448 -185.82006 -56.17466 -1.26520 0.84809 -0.02400 0.03529 0.52813
1520531048103245568 -186.15460 -56.07454 -1.19399 0.80699 -0.03079 0.03451 0.58875
1520531048203249408 -186.61655 -56.06764 -1.14934 0.75848 -0.04159 0.04513 0.64880
1520531048303252480 -186.92212 -55.89382 -1.10310 0.71183 -0.03603 0.04711 0.69985
1520531048403255552 -187.34768 -55.84503 -1.03679 0.66015 -0.04331 0.04750 0.74838
1520531048503711744 -187.77723 -55.77673 -0.98132 0.59510 -0.03797 0.05792 0.80067
1520531048603714816 -188.20734 -55.68702 -0.92983 0.53782 -0.03130 0.06080 0.84028
1520531048703717632 -188.61599 -55.58757 -0.87691 0.49369 -0.02449 0.05073 0.86781
1520531048803721728 -187.43617 -54.90432 -1.08651 0.42727 -0.02197 0.06455 0.90155
1520531048903696896 -185.29016 -54.87533 -1.37167 0.34823 0.00327 0.07251 0.93459
1520531049003700736 -185.22106 -54.82662 -1.37907 0.29234 0.00172 0.05993 0.95443
1520531049103703808 -185.20119 -54.73408 -1.38930 0.23894 -0.00100 0.04463 0.97001
1520531049203706624 -185.20726 -54.68668 -1.39866 0.18611 0.00231 0.03756 0.98181
1520531049303694848 -185.23312 -54.74629 -1.39027 0.13680 -0.00357 0.02391 0.99030
1520531049403697664 -185.25914 -54.67237 -1.38155 0.10123 -0.00076 0.02957 0.99442
1520531049503699712 -185.29135 -54.58461 -1.37393 0.05972 -0.01757 0.02207 0.99782
1520531049603741696 -185.34856 -54.45248 -1.37806 -0.00022 -0.02443 0.02131 0.99947
1520531049703661824 -185.44088 -54.33598 -1.39007 -0.06635 -0.02246 0.02172 0.99731
1520531049803665920 -185.53744 -54.20792 -1.40393 -0.11641 -0.02243 0.01249 0.99287
1520531049903668992 -185.63467 -54.15874 -1.40909 -0.16168 -0.02760 -0.00051 0.98646
1520531050003671808 -185.73015 -54.13071 -1.40498 -0.23800 -0.03350 0.00895 0.97065
1520531050103555584 -185.80940 -54.18491 -1.39886 -0.31590 -0.04144 0.00360 0.94788
1520531050203558656 -185.88955 -54.24573 -1.40377 -0.36821 -0.04083 -0.00869 0.92880
1520531050303561728 -185.98881 -54.27836 -1.41435 -0.41727 -0.03156 -0.02778 0.90781
1520531050403564800 -186.06919 -54.34446 -1.41915 -0.47626 -0.03874 -0.03426 0.87778
1520531050503355392 -186.16102 -54.40716 -1.41230 0.52683 0.04284 0.02136 -0.84862
1520531050603358464 -186.26019 -54.46392 -1.39631 0.57933 0.03264 0.03600 -0.81365
1520531050703361536 -186.33653 -54.55402 -1.38874 0.63592 0.03486 0.03904 -0.76998
1520531050803364608 -186.42847 -54.64989 -1.39842 0.69471 0.03445 0.03127 -0.71778
1520531050903364352 -186.51992 -54.75367 -1.41555 0.73514 0.02890 0.03921 -0.67616
1520531051003366400 -186.60593 -54.86790 -1.42986 0.78142 0.02303 0.04821 -0.62172
1520531051103369472 -186.60663 -55.02863 -1.43271 0.83987 0.04124 0.04709 -0.53917
1520531051203373312 -186.61278 -55.17255 -1.43659 0.88393 0.05051 0.04256 -0.46294
1520531051303496960 -186.68088 -55.32360 -1.45622 0.91354 0.04226 0.04761 -0.40173
1520531051403499776 -186.66723 -55.48077 -1.47339 0.93807 0.03651 0.05854 -0.33951
1520531051503502848 -186.66106 -55.63972 -1.48786 0.96030 0.03025 0.06299 -0.27009
1520531051603505920 -186.62383 -55.80043 -1.49244 0.97696 0.02978 0.06054 -0.20247
1520531051703370496 -186.49101 -55.92074 -1.49148 0.98940 0.03109 0.05541 -0.13060
1520531051803373568 -186.40856 -56.05453 -1.49706 0.99548 0.03059 0.06885 -0.05780
1520531051903376640 -186.31931 -56.20590 -1.50784 0.99729 0.02240 0.06405 0.02856
1520531052003379456 -186.22126 -56.36102 -1.52754 0.99229 0.01045 0.05422 0.11094
1520531052103382528 -186.09059 -56.48319 -1.54429 0.97965 0.01094 0.04515 0.19526
1520531052203417344 -185.93660 -56.57797 -1.55142 0.95577 0.02289 0.04545 0.28969
1520531052303420416 -185.78600 -56.68144 -1.55540 0.92807 0.02492 0.04190 0.36919
1520531052403424512 -185.58906 -56.61599 -1.53602 0.90188 0.02133 0.03583 0.42997
1520531052503426304 -185.43555 -56.62047 -1.54221 0.87348 0.01374 0.03049 0.48572
1520531052604266752 -185.28964 -56.59431 -1.54727 0.84277 0.00896 0.02708 0.53751
1520531052704269568 -185.14231 -56.55783 -1.54257 0.81391 0.01249 0.02726 0.58021
1520531052804272640 -185.01516 -56.48938 -1.52738 0.78644 0.00371 0.02743 0.61705
1520531052904275712 -184.88365 -56.42673 -1.53079 0.75359 -0.00533 0.03675 0.65630
1520531053005687808 -184.83613 -56.27608 -1.53760 0.71251 -0.00515 0.03451 0.70079
1520531053105690624 -184.93442 -56.07643 -1.55323 0.67105 -0.01384 0.03404 0.74050
1520531053205693696 -185.04737 -55.94027 -1.55667 0.62619 -0.02745 0.03330 0.77848
1520531053305696768 -185.04412 -55.83482 -1.55389 0.57176 -0.02053 0.04128 0.81912
1520531053405727232 -185.00002 -55.73290 -1.55248 0.51622 -0.01895 0.04480 0.85507
1520531053505729792 -184.97783 -55.61970 -1.55636 0.46843 -0.02296 0.03941 0.88232
1520531053605732864 -185.00552 -55.51242 -1.56287 0.42227 -0.03375 0.02494 0.90550
1520531053705735936 -185.02103 -55.40286 -1.56752 0.37203 -0.04144 0.01689 0.92714
1520531053804619776 -185.03443 -55.29036 -1.56925 0.32626 -0.03954 0.02705 0.94407
1520531053904622848 -185.05181 -55.16762 -1.56600 0.28308 -0.03552 0.03039 0.95795
1520531054004625920 -185.06028 -55.03048 -1.57366 0.23085 -0.04805 0.03247 0.97126
1520531054104628736 -185.10217 -54.88907 -1.58332 0.16675 -0.04324 0.03762 0.98433
1520531054203852544 -185.15604 -54.73787 -1.60348 0.10148 -0.04426 0.03282 0.99331
1520531054303855616 -185.22093 -54.58837 -1.62728 0.03932 -0.05223 0.03732 0.99716
1520531054403858688 -185.28982 -54.43355 -1.64144 -0.04916 -0.05851 0.04612 0.99601
1520531054503861760 -185.36800 -54.29756 -1.64921 -0.13760 -0.06467 0.05056 0.98708
1520531054603465472 -185.44984 -54.15590 -1.66299 -0.19882 -0.06007 0.04365 0.97722
1520531054703468544 -185.55248 -54.02678 -1.67642 -0.24721 -0.05346 0.01794 0.96732
1520531054803471616 -185.66194 -53.90360 -1.69390 -0.30182 -0.05592 0.00309 0.95172
1520531054903474688 -185.79162 -53.80770 -1.70890 -0.36353 -0.07333 0.00139 0.92869
1520531055003258112 -185.90801 -53.70700 -1.72157 -0.41131 -0.07179 0.00181 0.90866
1520531055103260672 -186.03563 -53.64614 -1.72866 -0.47360 -0.06302 -0.01476 0.87836
1520531055203263744 -186.16762 -53.66025 -1.74452 0.53716 0.05961 0.00773 -0.84134
1520531055303266816 -186.30273 -53.64430 -1.75420 0.59810 0.05838 0.00979 -0.79923
1520531055403420928 -186.43886 -53.63433 -1.76541 0.65340 0.06142 0.03866 -0.75353
1520531055503424000 -186.56998 -53.63452 -1.78072 0.72053 0.05963 0.03190 -0.69012
1520531055603426816 -186.68015 -53.64295 -1.79022 0.79143 0.05823 0.00860 -0.60841
1520531055703429888 -186.77445 -53.66107 -1.79830 0.83530 0.05665 0.00285 -0.54686
1520531055803326720 -186.84074 -53.72786 -1.80870 0.87193 0.04654 0.00864 -0.48734
1520531055903329792 -186.90886 -53.77230 -1.82407 0.90356 0.03749 0.01592 -0.42653
1520531056003332608 -186.93404 -53.83161 -1.83348 0.93064 0.03297 0.02212 -0.36377
1520531056103410688 -187.01905 -53.85238 -1.83394 0.95170 0.03392 0.01057 -0.30495
1520531056203381504 -187.03775 -53.90544 -1.84745 0.96940 0.02759 0.02566 -0.24259
1520531056303384576 -187.09176 -53.94376 -1.86712 0.98489 0.03366 0.02219 -0.16843
1520531056403387648 -187.07008 -54.02933 -1.86746 0.99459 0.04067 0.01803 -0.09384
1520531056503390464 -186.95135 -54.12257 -1.85754 0.99825 0.04232 0.01914 -0.03666
1520531056603393536 -186.93014 -54.18475 -1.84882 0.99829 0.03772 0.02935 0.03367
1520531056703870208 -186.86446 -54.21561 -1.83616 0.99034 0.05214 0.02927 0.12513
1520531056803873280 -186.79582 -54.21588 -1.83107 0.98209 0.04969 0.03373 0.17860
1520531056903876352 -186.72505 -54.20990 -1.82420 0.97204 0.02696 0.03512 0.23059
1520531057003880192 -186.66307 -54.17586 -1.82276 0.95771 0.02193 0.03694 0.28451
1520531057103989248 -186.62291 -54.16510 -1.80933 0.93848 0.01539 0.04184 0.34246
1520531057203992064 -186.59381 -54.16254 -1.79300 0.92448 0.01371 0.03333 0.37951
1520531057303996160 -186.54758 -54.15986 -1.78709 0.90450 -0.00635 0.03811 0.42472
1520531057403998208 -186.49530 -54.14515 -1.79629 0.87510 -0.00588 0.05358 0.48092
1520531057503939072 -186.44392 -54.12374 -1.81202 0.84118 -0.00321 0.05931 0.53749
1520531057603942144 -186.37913 -54.09319 -1.82350 0.80743 -0.00913 0.05723 0.58711
1520531057703949312 -186.33091 -54.04758 -1.82648 0.77070 -0.01669 0.06698 0.63344
1520531057803948288 -186.28127 -53.99065 -1.81658 0.71721 -0.00535 0.07123 0.69319
1520531057903944448 -186.24224 -53.92510 -1.80818 0.66370 -0.01250 0.06493 0.74507
1520531058003947520 -186.18967 -53.84309 -1.80386 0.62109 -0.01652 0.05252 0.78180
1520531058103950592 -186.16056 -53.75868 -1.80408 0.57751 -0.02413 0.03680 0.81519
1520531058203953408 -186.10697 -53.65628 -1.78925 0.52286 -0.03249 0.02753 0.85135
1520531058303931648 -186.07580 -53.55990 -1.77615 0.47697 -0.03449 0.03462 0.87756
1520531058403934720 -186.03563 -53.47103 -1.76702 0.43571 -0.04831 0.02903 0.89832
1520531058503937792 -186.02101 -53.37652 -1.76998 0.38110 -0.05015 0.03284 0.92259
1520531058603941888 -186.02035 -53.27157 -1.78011 0.32171 -0.04283 0.03273 0.94530
1520531058703709696 -186.03409 -53.16235 -1.78773 0.26474 -0.04270 0.01898 0.96319
1520531058803713536 -186.05151 -53.04499 -1.79395 0.20214 -0.05167 0.01237 0.97791
1520531058903715584 -186.09031 -52.94298 -1.79472 0.11631 -0.05423 0.02456 0.99143
1520531059003718656 -186.13697 -52.85855 -1.79318 0.03856 -0.06377 0.02614 0.99688
1520531059103642624 -186.20217 -52.77869 -1.80351 -0.02365 -0.06060 0.01712 0.99774
1520531059203645696 -186.29927 -52.74231 -1.82281 -0.08344 -0.06400 0.00130 0.99445
1520531059303648512 -186.37986 -52.67352 -1.83526 -0.15263 -0.06254 -0.00382 0.98629
1520531059403651584 -186.48847 -52.68756 -1.83870 -0.21648 -0.06908 0.00077 0.97384
1520531059503746048 -186.58200 -52.69901 -1.83734 -0.26996 -0.06800 -0.00962 0.96042
1520531059603749120 -186.67400 -52.69486 -1.84162 -0.33200 -0.06872 -0.01421 0.94066
1520531059703751936 -186.77914 -52.69203 -1.85879 -0.40184 -0.07080 -0.00758 0.91294
1520531059803755008 -186.87917 -52.75634 -1.87627 -0.46438 -0.07063 -0.01414 0.88270
1520531059903771904 -186.97695 -52.81621 -1.87350 0.51324 0.06633 0.02250 -0.85538
1520531060003774976 -187.03761 -52.91666 -1.86973 0.57712 0.07433 0.02177 -0.81298
1520531060103777792 -187.09921 -53.01258 -1.87234 0.64915 0.08072 0.01797 -0.75615
1520531060203781888 -187.16226 -53.11491 -1.88032 0.70015 0.07658 0.01798 -0.70965
1520531060303705856 -187.21224 -53.21735 -1.89345 0.74624 0.06749 0.03543 -0.66130
1520531060403709952 -187.27067 -53.31881 -1.90339 0.78939 0.05736 0.04018 -0.60989
1520531060503712000 -187.29144 -53.45212 -1.89950 0.82722 0.05396 0.04581 -0.55739
1520531060603714816 -187.33921 -53.57141 -1.90190 0.86131 0.04563 0.04987 -0.50356
1520531060703764224 -187.37967 -53.68439 -1.91022 0.89538 0.05046 0.05934 -0.43844
1520531060803767296 -187.40088 -53.80410 -1.92672 0.92936 0.05140 0.05415 -0.36154
1520531060903770112 -187.42268 -53.93152 -1.94965 0.95334 0.05103 0.05781 -0.29189
1520531061003774208 -187.42246 -54.05378 -1.94937 0.97116 0.04553 0.05314 -0.22793
1520531061104550912 -187.42444 -54.18076 -1.94341 0.98756 0.04471 0.05267 -0.14123
1520531061204553728 -187.41545 -54.29233 -1.94047 0.99622 0.04521 0.05472 -0.05008
1520531061304556800 -187.42934 -54.41780 -1.95608 0.99757 0.03265 0.05796 0.02047
1520531061404559872 -187.38447 -54.50034 -1.97140 0.99460 0.02060 0.06174 0.08080
1520531061504562944 -187.30151 -54.51116 -1.98241 0.98874 0.01344 0.06187 0.13556
1520531061605857792 -187.24683 -54.56927 -1.97750 0.98121 0.01742 0.05705 0.18349
1520531061705860864 -187.20500 -54.64279 -1.97608 0.97182 0.01921 0.05205 0.22910
1520531061805864704 -187.13028 -54.67048 -1.97909 0.95595 0.01324 0.06874 0.28505
1520531061905867776 -187.05232 -54.66196 -1.99264 0.93411 0.01209 0.06418 0.35095
1520531062005167360 -186.97943 -54.66595 -2.01071 0.90831 0.00791 0.05916 0.41402
1520531062105170432 -186.89874 -54.64680 -2.01575 0.88095 0.00466 0.05921 0.46948
1520531062205174528 -186.83932 -54.66661 -2.01825 0.83725 0.00850 0.06235 0.54319
1520531062305177344 -186.79158 -54.67772 -2.01373 0.79159 0.00794 0.06472 0.60756
1520531062404192256 -186.73852 -54.67883 -2.01595 0.75724 0.00154 0.05355 0.65094
1520531062504195328 -186.68330 -54.65196 -2.02951 0.71895 -0.01556 0.04664 0.69332
1520531062604297216 -186.63211 -54.62227 -2.03356 0.67902 -0.02509 0.04600 0.73225
1520531062704201216 -186.56462 -54.61059 -2.03171 0.63474 -0.03109 0.04681 0.77068
1520531062803630848 -186.50834 -54.60533 -2.02265 0.60208 -0.02287 0.04445 0.79687
1520531062903633664 -186.46419 -54.60195 -2.01688 0.55439 -0.04268 0.03753 0.83031
1520531063003636480 -186.41161 -54.59471 -2.02735 0.48617 -0.03819 0.04488 0.87187
1520531063103639552 -186.37566 -54.58298 -2.04669 0.42490 -0.03552 0.04686 0.90333
1520531063203428864 -186.33406 -54.57617 -2.05886 0.37741 -0.03317 0.03632 0.92474
1520531063303431936 -186.30630 -54.56239 -2.06827 0.29564 -0.03565 0.03612 0.95395
1520531063403436032 -186.31099 -54.55098 -2.06673 0.18994 -0.03386 0.05066 0.97990
1520531063503438848 -186.33234 -54.55601 -2.05925 0.10515 -0.04567 0.03460 0.99280
1520531063603778304 -186.34491 -54.55350 -2.06180 0.02636 -0.05261 0.01159 0.99820
1520531063703781376 -186.37485 -54.55689 -2.06792 -0.05295 -0.05698 0.00594 0.99695
1520531063803785472 -186.41230 -54.56639 -2.07406 -0.12483 -0.07417 -0.00142 0.98940
1520531063903787264 -186.44809 -54.58298 -2.06209 -0.18601 -0.06667 -0.00250 0.98028
1520531064003688704 -186.46233 -54.59547 -2.04725 -0.25212 -0.06435 -0.02427 0.96525
1520531064103692800 -186.48123 -54.61352 -2.04483 -0.32706 -0.06576 -0.02872 0.94228
1520531064203723776 -186.50661 -54.65625 -2.05150 -0.40602 -0.06511 -0.03085 0.91102
1520531064303698688 -186.53936 -54.66713 -2.05398 -0.47353 -0.06903 -0.04325 0.87701
1520531064403788032 -186.57032 -54.71378 -2.06275 0.55175 0.08037 0.04786 -0.82875
1520531064503791104 -186.59094 -54.74071 -2.03984 0.64077 0.08617 0.02402 -0.76251
1520531064603794176 -186.60053 -54.77425 -2.01405 0.71110 0.08221 0.02658 -0.69776
1520531064703796992 -186.61262 -54.81137 -1.99736 0.76487 0.06616 0.03875 -0.63960
1520531064804267008 -186.63445 -54.85695 -1.99152 0.80837 0.05892 0.04627 -0.58389
1520531064904271104 -186.64611 -54.90323 -1.97997 0.84193 0.04483 0.05169 -0.53524
1520531065004274176 -186.66151 -54.95540 -1.96112 0.86718 0.04979 0.05356 -0.49259
1520531065104277248 -186.67158 -54.99873 -1.94080 0.89513 0.04807 0.04071 -0.44133
1520531065204161792 -186.67557 -55.05736 -1.93282 0.91958 0.04751 0.05302 -0.38640
1520531065304165888 -186.67751 -55.15342 -1.93470 0.94057 0.05215 0.05042 -0.33177
1520531065404168960 -186.66785 -55.27949 -1.93928 0.95561 0.04955 0.04519 -0.28691
1520531065504171008 -186.64610 -55.38467 -1.94034 0.96705 0.04174 0.05268 -0.24557
1520531065604167424 -186.62179 -55.52708 -1.93045 0.97994 0.05107 0.05223 -0.18543
1520531065704169472 -186.58375 -55.63149 -1.91752 0.99062 0.05290 0.05273 -0.11439
1520531065804173568 -186.52856 -55.72603 -1.91377 0.99572 0.04296 0.05521 -0.06034
1520531065904176384 -186.47534 -55.81169 -1.91770 0.99794 0.02472 0.05788 -0.01235
1520531066004179456 -186.41142 -55.86921 -1.92230 0.99745 0.01788 0.05653 0.03980
1520531066104202752 -186.35494 -55.89481 -1.91497 0.99432 0.02817 0.05156 0.08870
1520531066204205824 -186.29250 -55.94682 -1.89827 0.99179 0.02988 0.03040 0.12058
1520531066304208640 -186.22389 -55.93712 -1.88644 0.98375 0.01003 0.04705 0.17296
1520531066404211712 -186.14264 -55.94888 -1.89218 0.96932 0.00839 0.05224 0.24005
1520531066504192768 -186.05980 -55.94191 -1.90306 0.95175 0.00270 0.05068 0.30264
1520531066604196864 -185.96896 -55.93857 -1.90813 0.93199 -0.02105 0.05873 0.35708
1520531066704199680 -185.87211 -55.92124 -1.90715 0.90023 -0.02930 0.07129 0.42854
1520531066804202752 -185.78855 -55.88449 -1.90438 0.85163 -0.02883 0.07591 0.51782
1520531066903942656 -185.71626 -55.84032 -1.90658 0.80869 -0.03836 0.07524 0.58214
1520531067003944704 -185.65091 -55.77267 -1.92396 0.76451 -0.05987 0.07155 0.63783
1520531067103948544 -185.63917 -55.67722 -1.94204 0.72019 -0.06980 0.07247 0.68644
1520531067203951616 -185.62685 -55.58910 -1.94875 0.67385 -0.07135 0.08075 0.73097
1520531067303863808 -185.60171 -55.51236 -1.94122 0.63597 -0.05721 0.07207 0.76621
1520531067403863040 -185.57819 -55.43753 -1.93339 0.58310 -0.08062 0.06628 0.80567
1520531067503865856 -185.55138 -55.35135 -1.93830 0.51675 -0.08398 0.07196 0.84896
1520531067603868928 -185.53619 -55.24798 -1.95920 0.45815 -0.08146 0.06757 0.88255
1520531067704014848 -185.56198 -55.14469 -1.96996 0.41985 -0.08751 0.05504 0.90169
1520531067804017664 -185.56151 -55.04112 -1.97967 0.35244 -0.09871 0.07014 0.92796
1520531067904020480 -185.60224 -54.94717 -1.97983 0.25271 -0.07653 0.08421 0.96083
1520531068004023552 -185.67007 -54.86989 -1.97952 0.16470 -0.08500 0.07720 0.97964
1520531068103968256 -185.75976 -54.81894 -1.98018 0.08902 -0.09078 0.05843 0.99016
1520531068203972096 -185.85969 -54.76654 -1.98468 0.01544 -0.08781 0.04240 0.99511
1520531068303975168 -185.94221 -54.70782 -1.98506 -0.06157 -0.07987 0.03622 0.99424
1520531068403977984 -186.03611 -54.69799 -1.96507 -0.12187 -0.05210 0.04450 0.99018
1520531068503966208 -186.11503 -54.68822 -1.94322 -0.18564 -0.05292 0.01948 0.98100
1520531068603970304 -186.18509 -54.67909 -1.92762 -0.26225 -0.06186 -0.00468 0.96300
1520531068703972352 -186.25957 -54.70348 -1.91635 -0.34772 -0.05455 -0.00595 0.93599
1520531068803976192 -186.33561 -54.70735 -1.91426 -0.40935 -0.05174 -0.01003 0.91085
1520531068904469504 -186.40771 -54.71936 -1.90653 -0.47891 -0.05351 -0.01920 0.87602
1520531069004473344 -186.48601 -54.69587 -1.90114 0.57429 0.06068 -0.01083 -0.81633
1520531069104476416 -186.51520 -54.75462 -1.88513 0.64130 0.06009 -0.01290 -0.76482
1520531069204479488 -186.49349 -54.82247 -1.89500 0.69530 0.04748 0.01153 -0.71706
1520531069305915904 -186.46078 -54.86459 -1.91921 0.73529 0.04347 0.01463 -0.67620
1520531069405918720 -186.42876 -54.90519 -1.91084 0.77215 0.04516 0.02372 -0.63339
1520531069505921792 -186.43422 -54.93302 -1.89323 0.80111 0.03703 0.02414 -0.59688
1520531069605924864 -186.43071 -54.95484 -1.87137 0.82818 0.02764 0.04059 -0.55831
1520531069705591808 -186.43502 -54.99585 -1.86841 0.86015 0.03461 0.05415 -0.50597
1520531069805595904 -186.44091 -55.04844 -1.88039 0.88914 0.04004 0.05801 -0.45218
1520531069905598976 -186.43834 -55.10347 -1.88760 0.91580 0.02955 0.06007 -0.39601
1520531070005601792 -186.42215 -55.16371 -1.88247 0.93591 0.03028 0.06196 -0.34543
1520531070104925184 -186.39690 -55.21702 -1.86671 0.95926 0.03329 0.05555 -0.27501
1520531070204928256 -186.36036 -55.26427 -1.85414 0.97717 0.02712 0.06696 -0.19979
1520531070304931072 -186.31200 -55.31300 -1.85366 0.98741 0.02397 0.06854 -0.14055
1520531070404934144 -186.25562 -55.36081 -1.85914 0.99276 0.01220 0.07338 -0.09434
1520531070505542912 -186.19141 -55.40326 -1.85911 0.99684 -0.00139 0.07125 -0.03502
1520531070604195328 -186.12173 -55.43938 -1.85085 0.99686 0.01542 0.07520 0.01960
1520531070704239360 -186.05089 -55.46463 -1.83517 0.99445 0.01249 0.07589 0.07173
1520531070804201472 -185.96802 -55.48101 -1.83112 0.98590 -0.00261 0.08770 0.14247
1520531070904204288 -185.86622 -55.48563 -1.83784 0.97195 -0.00241 0.09286 0.21605
1520531071003857152 -185.75147 -55.47224 -1.85066 0.95383 -0.01472 0.09050 0.28602
1520531071103860224 -185.63526 -55.46094 -1.85600 0.93140 -0.01412 0.08638 0.35332
1520531071203863040 -185.52444 -55.43125 -1.84431 0.89650 -0.00562 0.07775 0.43614
1520531071303866112 -185.40860 -55.39385 -1.82537 0.84450 -0.01237 0.06903 0.53095
1520531071403861760 -185.28962 -55.35400 -1.81645 0.79739 -0.01840 0.06788 0.59935
1520531071503864832 -185.17565 -55.30615 -1.82304 0.74760 -0.03402 0.05658 0.66086
1520531071603867648 -185.07650 -55.24678 -1.83123 0.69897 -0.04742 0.04441 0.71219
1520531071703870720 -184.97548 -55.18112 -1.82090 0.64432 -0.04862 0.03738 0.76229
1520531071803916032 -184.88158 -55.11643 -1.81329 0.59298 -0.04657 0.03635 0.80305
1520531071903919104 -184.77913 -55.05397 -1.81229 0.53170 -0.06473 0.03711 0.84364
1520531072003921920 -184.68970 -54.97870 -1.82195 0.45288 -0.05840 0.04383 0.88858
1520531072103923712 -184.61649 -54.88946 -1.83697 0.38296 -0.04989 0.04675 0.92123
1520531072203782912 -184.54713 -54.79269 -1.84086 0.32327 -0.05234 0.04248 0.94390
1520531072303788288 -184.50871 -54.69522 -1.83755 0.24901 -0.07208 0.03462 0.96519
1520531072403789056 -184.48892 -54.60511 -1.83780 0.14819 -0.06975 0.04404 0.98551
1520531072503792128 -184.47963 -54.54021 -1.84782 0.07780 -0.06603 0.05875 0.99304
1520531072604349440 -184.54548 -54.49264 -1.86149 0.01055 -0.07003 0.04607 0.99642
1520531072704352256 -184.64285 -54.45906 -1.86145 -0.05931 -0.07822 0.03915 0.99440
1520531072804355328 -184.79324 -54.49668 -1.84084 -0.12067 -0.08532 0.03371 0.98844
1520531072904358400 -184.87608 -54.50972 -1.81705 -0.17241 -0.08216 0.02699 0.98122
1520531073004513024 -184.94069 -54.49700 -1.80318 -0.21852 -0.08275 0.00972 0.97227
1520531073104516096 -185.00368 -54.50749 -1.79785 -0.27277 -0.09216 -0.00044 0.95766
1520531073204518912 -185.06487 -54.51370 -1.80599 -0.32886 -0.09258 -0.00274 0.93983
1520531073304521984 -185.12823 -54.51847 -1.81467 -0.37625 -0.09033 -0.00504 0.92209
1520531073404406784 -185.19750 -54.51859 -1.80866 -0.43450 -0.09055 -0.02095 0.89586
1520531073504409856 -185.27083 -54.52951 -1.79465 0.50264 0.08174 0.01705 -0.86046
1520531073604417792 -185.33689 -54.54976 -1.78649 0.57130 0.07624 0.00606 -0.81717
1520531073704416768 -185.41769 -54.57297 -1.79543 0.62363 0.07432 -0.00008 -0.77818
1520531073804428032 -185.51388 -54.60496 -1.81629 0.66583 0.08167 0.01086 -0.74154
1520531073904431104 -185.58872 -54.65234 -1.82735 0.70236 0.08247 0.01444 -0.70688
1520531074004434176 -185.67050 -54.69946 -1.82415 0.73338 0.08265 0.01732 -0.67455
1520531074104436992 -185.73460 -54.76035 -1.80181 0.75713 0.07129 0.01207 -0.64925
1520531074204447488 -185.82171 -54.80351 -1.79120 0.78240 0.05666 0.03266 -0.61933
1520531074304450560 -185.88761 -54.88777 -1.79317 0.81662 0.06059 0.03458 -0.57294
1520531074404453632 -185.96910 -54.97910 -1.81298 0.85119 0.06562 0.02769 -0.52001
1520531074504456448 -186.02913 -55.07567 -1.82316 0.88598 0.05199 0.03295 -0.45963
1520531074604403968 -186.06580 -55.17107 -1.81830 0.91241 0.04947 0.04607 -0.40365
1520531074704407040 -186.09172 -55.26616 -1.80752 0.94328 0.04956 0.04258 -0.32550
1520531074804409856 -186.11582 -55.35328 -1.80718 0.96447 0.04308 0.04971 -0.25588
1520531074904413952 -186.10693 -55.44538 -1.81994 0.97767 0.02874 0.06331 -0.19832
1520531075004239872 -186.08740 -55.52450 -1.83126 0.98683 0.00836 0.07195 -0.14461
1520531075104242688 -186.05164 -55.59065 -1.83910 0.99291 0.00820 0.08398 -0.08370
1520531075204245760 -186.00345 -55.64194 -1.83081 0.99639 0.01305 0.07576 -0.03609
1520531075304247552 -185.93536 -55.67242 -1.82499 0.99608 -0.00896 0.08577 0.01973
1520531075404251904 -185.86129 -55.68950 -1.83938 0.99119 -0.00697 0.09871 0.08803
1520531075504160768 -185.80038 -55.74205 -1.86857 0.98153 0.00686 0.09739 0.16451
1520531075604163584 -185.73576 -55.79188 -1.88867 0.97008 0.00063 0.09022 0.22540
1520531075704166656 -185.66746 -55.82763 -1.89506 0.95106 -0.01599 0.09375 0.29400
1520531075804169728 -185.58914 -55.83916 -1.88819 0.91887 0.00011 0.09150 0.38381
1520531075904271104 -185.52037 -55.82993 -1.88948 0.88668 0.00980 0.09440 0.45253
1520531076004274176 -185.45223 -55.80784 -1.89915 0.85366 -0.00694 0.09138 0.51271
1520531076104276992 -185.38879 -55.76396 -1.91406 0.82134 -0.01997 0.09185 0.56264
1520531076204281088 -185.33032 -55.72779 -1.91491 0.78625 -0.03035 0.09417 0.60994
1520531076304227840 -185.30206 -55.65804 -1.90073 0.75624 -0.03258 0.09154 0.64704
1520531076404230912 -185.27534 -55.59008 -1.87961 0.71334 -0.04240 0.07320 0.69569
1520531076504233728 -185.28119 -55.49415 -1.87472 0.65098 -0.04425 0.06767 0.75478
1520531076604236800 -185.30304 -55.40142 -1.87501 0.58115 -0.04596 0.06339 0.81002
1520531076704116224 -185.30370 -55.32149 -1.88686 0.51777 -0.05554 0.05548 0.85191
1520531076804120064 -185.32346 -55.23610 -1.88472 0.43859 -0.07103 0.06051 0.89383
1520531076904123136 -185.34750 -55.15935 -1.87260 0.33542 -0.04926 0.07250 0.93798
1520531077004125952 -185.37575 -55.10080 -1.86311 0.25195 -0.05197 0.07219 0.96364
1520531077104605696 -185.39938 -55.04001 -1.86419 0.17850 -0.05485 0.05368 0.98094
1520531077204649728 -185.43088 -54.98619 -1.87121 0.11378 -0.05544 0.04060 0.99113
1520531077304611584 -185.45467 -54.93500 -1.88071 0.05668 -0.06547 0.02849 0.99584
1520531077404614656 -185.48164 -54.88452 -1.88025 0.00654 -0.06856 0.04317 0.99669
1520531077505888768 -185.51372 -54.83035 -1.85908 -0.03615 -0.07538 0.03250 0.99597
1520531077605891584 -185.53312 -54.76798 -1.84998 -0.09512 -0.08603 0.01414 0.99164
1520531077705894656 -185.61019 -54.77458 -1.85548 -0.15639 -0.08370 0.01712 0.98399
1520531077805898752 -185.66934 -54.73753 -1.86713 -0.21172 -0.07699 0.00768 0.97426
1520531077905875200 -185.72819 -54.69713 -1.87249 -0.26870 -0.07418 0.00658 0.96034
1520531078005878272 -185.78066 -54.65380 -1.86196 -0.33530 -0.07080 0.01872 0.93926
1520531078105881088 -185.82228 -54.62457 -1.84821 -0.40287 -0.06612 0.01472 0.91275
1520531078205885184 -185.87454 -54.61469 -1.84784 -0.45177 -0.06150 0.00003 0.89001
1520531078305195776 -185.91395 -54.62700 -1.85809 -0.49390 -0.06670 -0.02614 0.86656
1520531078405199872 -185.95709 -54.64842 -1.86251 0.53702 0.06770 0.03206 -0.84023
1520531078505202688 -185.99880 -54.68008 -1.85507 0.57826 0.07170 0.02303 -0.81237
1520531078605205760 -186.05041 -54.69173 -1.83000 0.60666 0.06584 0.01796 -0.79203
1520531078704631040 -186.09463 -54.71055 -1.80828 0.64978 0.06039 0.03761 -0.75678
1520531078804636928 -186.14354 -54.73172 -1.80288 0.70362 0.06262 0.03205 -0.70709
1520531078904637184 -186.17939 -54.77889 -1.81073 0.75211 0.05936 0.03091 -0.65563
1520531079004640000 -186.20068 -54.82684 -1.81375 0.79557 0.05519 0.03759 -0.60217
1520531079104308480 -186.21274 -54.88963 -1.80734 0.84736 0.05875 0.03128 -0.52684
1520531079204311296 -186.18921 -54.95095 -1.79091 0.90076 0.06133 0.02096 -0.42945
1520531079304314368 -186.13513 -55.01163 -1.77271 0.93609 0.04714 0.02890 -0.34739
1520531079404318208 -186.08924 -55.06596 -1.75989 0.96075 0.03006 0.04038 -0.27279
1520531079504269312 -186.03690 -55.12919 -1.74508 0.97862 0.01106 0.05022 -0.19916
1520531079604272384 -185.96693 -55.18210 -1.71678 0.99366 -0.00888 0.05633 -0.09688
1520531079704275456 -185.89339 -55.21754 -1.68086 0.99855 -0.00865 0.05274 -0.00627
1520531079804279296 -185.82521 -55.24503 -1.65378 0.99552 -0.01875 0.04402 0.08160
1520531079904281344 -185.75296 -55.25494 -1.63278 0.98389 -0.03309 0.03621 0.17191
1520531080004223232 -185.66446 -55.25457 -1.62216 0.96112 -0.05315 0.03067 0.26921
1520531080104229120 -185.56824 -55.24913 -1.62209 0.93534 -0.03528 0.03203 0.35053
1520531080204229120 -185.47605 -55.22089 -1.62197 0.90234 0.00424 0.05120 0.42796
1520531080304232192 -185.38276 -55.16077 -1.61782 0.85654 0.00575 0.06524 0.51191
1520531080403952128 -185.30290 -55.12631 -1.60917 0.80411 0.00082 0.05674 0.59177
1520531080503955200 -185.21385 -55.05946 -1.61390 0.75847 0.00128 0.05661 0.64925
1520531080603958016 -185.12009 -54.99105 -1.62577 0.71146 -0.01140 0.06120 0.69996
1520531080703961088 -185.02721 -54.91259 -1.63724 0.65898 -0.01704 0.06167 0.74943
1520531080804644864 -184.93786 -54.82707 -1.64920 0.60670 -0.01873 0.06722 0.79186
1520531080904647936 -184.84844 -54.74137 -1.66024 0.56648 -0.01735 0.06609 0.82124
1520531081004651776 -184.75026 -54.65372 -1.67672 0.51625 -0.03728 0.06278 0.85332
1520531081104654848 -184.65327 -54.56674 -1.69857 0.45900 -0.03861 0.06342 0.88533
1520531081204849664 -184.54405 -54.46246 -1.72429 0.41257 -0.04174 0.06381 0.90773
1520531081304852736 -184.43805 -54.35205 -1.73944 0.36351 -0.05823 0.04874 0.92849
1520531081404855808 -184.35819 -54.25641 -1.74404 0.30180 -0.07168 0.03915 0.94987
1520531081504859648 -184.31091 -54.15143 -1.73793 0.22700 -0.06284 0.03851 0.97110
1520531081604698368 -184.29605 -54.03562 -1.73627 0.16934 -0.06374 0.03450 0.98289
1520531081704702720 -184.30190 -53.92943 -1.74160 0.11533 -0.07445 0.02529 0.99021
1520531081804704512 -184.32702 -53.82324 -1.74246 0.05488 -0.07596 0.02105 0.99538
1520531081904707328 -184.36462 -53.70613 -1.74026 -0.00701 -0.07787 0.02597 0.99660
1520531082004586496 -184.41097 -53.60183 -1.72442 -0.04683 -0.07657 0.04306 0.99503
1520531082104589568 -184.45080 -53.49978 -1.71241 -0.09660 -0.07836 0.03545 0.99160
1520531082204592384 -184.51298 -53.38127 -1.71615 -0.16119 -0.08418 0.02993 0.98287
1520531082304595456 -184.59422 -53.27200 -1.73389 -0.22570 -0.08393 0.03455 0.96996
1520531082404467456 -184.69308 -53.17178 -1.74784 -0.28223 -0.08212 0.02376 0.95553
1520531082504470528 -184.79180 -53.09001 -1.75105 -0.35088 -0.07972 0.00736 0.93299
1520531082604474624 -184.89565 -53.01703 -1.74576 -0.42917 -0.07429 0.00718 0.90014
1520531082704477440 -184.99320 -52.97442 -1.74660 -0.49078 -0.08143 0.00177 0.86747
1520531082804250368 -185.09663 -52.94190 -1.76048 0.55352 0.08556 0.00944 -0.82838
1520531082904253440 -185.19721 -52.92942 -1.78159 0.60687 0.08250 0.01399 -0.79038
1520531083004256512 -185.28884 -52.94570 -1.79128 0.66120 0.07741 0.02265 -0.74586
1520531083104259584 -185.36434 -52.98641 -1.79066 0.70922 0.07455 0.02176 -0.70069
1520531083204239104 -185.43749 -53.00762 -1.78403 0.76255 0.07321 0.02169 -0.64240
1520531083304242176 -185.47637 -53.07416 -1.77776 0.81605 0.07028 0.03345 -0.57272
1520531083404245248 -185.44483 -53.22253 -1.77057 0.86564 0.05620 0.03366 -0.49636
1520531083504248064 -185.46441 -53.29840 -1.76672 0.90498 0.05261 0.03180 -0.42100
1520531083604328704 -185.44629 -53.39127 -1.74307 0.94036 0.02530 0.04225 -0.33660
1520531083704365824 -185.43362 -53.45266 -1.69814 0.96963 -0.01586 0.05244 -0.23835
1520531083804334592 -185.37444 -53.49725 -1.64818 0.98915 -0.04744 0.05537 -0.12755
1520531083904337664 -185.33275 -53.53021 -1.61541 0.99512 -0.07934 0.05627 -0.01677
1520531084003791872 -185.29118 -53.55377 -1.60024 0.98916 -0.10871 0.05580 0.08138
1520531084103794688 -185.22875 -53.55090 -1.60062 0.97775 -0.11292 0.05148 0.16912
1520531084203798784 -185.15905 -53.53272 -1.62266 0.95888 -0.08722 0.05239 0.26496
1520531084303801856 -185.07312 -53.49448 -1.66998 0.93031 -0.05316 0.05456 0.35878
1520531084403804672 -184.99451 -53.43080 -1.72979 0.88979 -0.02043 0.07407 0.44987
1520531084503709440 -184.92519 -53.35562 -1.79395 0.83937 0.02588 0.10815 0.53206
1520531084603712512 -184.87042 -53.28623 -1.83963 0.78182 0.05479 0.11429 0.61048
1520531084703716608 -184.78953 -53.23539 -1.85820 0.72947 0.07687 0.09659 0.67278
1520531084803719424 -184.70872 -53.16851 -1.84639 0.67254 0.10163 0.07508 0.72920
1520531084904282880 -184.61646 -53.10954 -1.80231 0.60779 0.12019 0.05503 0.78302
1520531085004285696 -184.53008 -53.05931 -1.73624 0.54292 0.12652 0.02308 0.82988
1520531085104288768 -184.43683 -53.05020 -1.67148 0.49934 0.12728 -0.01108 0.85694
1520531085204291840 -184.30949 -53.08159 -1.61415 0.48030 0.12697 -0.05425 0.86617
1520531085304412672 -184.15757 -53.15294 -1.56880 0.47334 0.11986 -0.11063 0.86565
1520531085404415488 -184.02937 -53.23219 -1.53759 0.47827 0.12047 -0.15843 0.85536
1520531085504418560 -183.90312 -53.36396 -1.54342 0.50452 0.13350 -0.18895 0.83183
1520531085604421632 -183.79153 -53.53390 -1.58831 0.54018 0.16919 -0.19891 0.80001
1520531085703973376 -183.71446 -53.72760 -1.66656 0.58490 0.19742 -0.19855 0.76125
1520531085803977216 -183.67596 -53.91296 -1.75863 0.63513 0.22026 -0.19175 0.71507
1520531085903980288 -183.67921 -54.10587 -1.85882 0.68121 0.24666 -0.17962 0.66547
1520531086003983360 -183.73940 -54.30215 -1.96377 0.71920 0.26749 -0.16410 0.61990
1520531086104826880 -183.83035 -54.49493 -2.05604 0.74947 0.28417 -0.13421 0.58269
1520531086204829952 -184.02144 -54.68447 -2.12336 0.77609 0.28132 -0.09744 0.55592
1520531086304833024 -184.19744 -54.86867 -2.15425 0.80207 0.24543 -0.06978 0.53998
1520531086404836864 -184.40627 -55.03554 -2.14988 0.82865 0.16666 -0.04463 0.53251
1520531086505322752 -184.61402 -55.19024 -2.11523 0.84291 0.05716 -0.01168 0.53488
1520531086605325824 -184.84511 -55.31544 -2.07238 0.83293 -0.07455 0.02073 0.54793
1520531086705330944 -185.10113 -55.41109 -2.04696 0.78741 -0.19271 0.05640 0.58281
1520531086805331712 -185.37919 -55.47145 -2.06010 0.70628 -0.28006 0.10087 0.64230
1520531086904256256 -185.67324 -55.54295 -2.11652 0.59057 -0.32705 0.13958 0.72442
1520531087004259328 -186.00686 -55.62698 -2.21576 0.45193 -0.33062 0.16687 0.81154
1520531087104262400 -186.36970 -55.72259 -2.33210 0.30561 -0.29756 0.17784 0.88681
1520531087204265472 -186.75695 -55.83699 -2.44041 0.15879 -0.23498 0.17151 0.94348
1520531087304751104 -187.17152 -55.97893 -2.53659 0.03075 -0.13546 0.16403 0.97663
1520531087404755200 -187.60797 -56.12478 -2.60950 -0.06288 -0.03703 0.14836 0.98624
1520531087504758016 -188.04402 -56.31056 -2.64794 -0.11280 0.04796 0.09804 0.98761
1520531087604761088 -188.45550 -56.51220 -2.67679 -0.12302 0.13124 0.05610 0.98209
1520531087704890880 -188.87149 -56.75772 -2.70057 -0.10284 0.22688 0.01859 0.96830
1520531087804893952 -189.24786 -57.05694 -2.72908 -0.05445 0.32635 -0.03146 0.94315
1520531087904898048 -189.64135 -57.33249 -2.77334 0.02469 0.41222 -0.08115 0.90713
1520531088004900864 -189.99411 -57.68897 -2.85837 0.13576 0.45859 -0.11736 0.87034
1520531088104811520 -190.33165 -58.10329 -2.97554 0.25704 0.46818 -0.14218 0.83338
1520531088204814336 -190.63356 -58.59820 -3.11221 0.37428 0.43848 -0.17368 0.79843
1520531088304817408 -190.93758 -59.14498 -3.25251 0.50088 0.37138 -0.20001 0.75577
1520531088404824576 -191.29519 -59.73592 -3.39066 0.61277 0.27861 -0.21497 0.70759
1520531088504915712 -191.66967 -60.36119 -3.51131 0.68469 0.18069 -0.20867 0.67455
1520531088605007872 -192.10490 -61.04298 -3.62743 0.72018 0.08018 -0.18525 0.66377
1520531088704921600 -192.56100 -61.73612 -3.72996 0.71885 -0.02885 -0.15658 0.67669
1520531088804924672 -193.01162 -62.44903 -3.82673 0.67798 -0.13399 -0.13844 0.70938
1520531088904927744 -193.47964 -63.18345 -3.92641 0.60270 -0.23154 -0.12376 0.75355
1520531089004049920 -193.93233 -63.87742 -4.02824 0.50310 -0.32420 -0.10164 0.79464
1520531089104052992 -194.43311 -64.65650 -4.18114 0.36542 -0.41227 -0.07973 0.83075
1520531089204056064 -194.98005 -65.44530 -4.36316 0.20980 -0.47976 -0.06864 0.84918
1520531089304059136 -195.56705 -66.24543 -4.57314 0.04614 -0.49943 -0.06337 0.86280
1520531089404018176 -196.14871 -67.10762 -4.81351 -0.10783 -0.47050 -0.04968 0.87438
1520531089504021248 -196.74462 -67.99000 -5.05917 -0.24677 -0.41021 -0.02560 0.87760
1520531089604025088 -197.31072 -68.91986 -5.29610 -0.36683 -0.31617 -0.00362 0.87490
1520531089704027136 -197.92599 -69.86871 -5.51952 -0.44920 -0.21985 0.02039 0.86572
1520531089804899840 -198.57283 -70.84893 -5.73499 -0.49562 -0.13412 0.03898 0.85723
1520531089904902912 -199.22270 -71.83892 -5.93944 0.52055 0.05468 -0.05739 -0.85014
1520531090004905984 -199.85489 -72.84444 -6.13292 0.53229 -0.03198 -0.07991 -0.84217
1520531090104909056 -200.48539 -73.83574 -6.31198 0.53302 -0.13919 -0.09374 -0.82930
1520531090204689920 -201.09593 -74.84123 -6.50010 0.50917 -0.22916 -0.10531 -0.82289
1520531090304687872 -201.66673 -75.86172 -6.70748 -0.47062 0.29546 0.11612 0.82325
1520531090404690944 -202.22086 -76.86624 -6.93119 -0.43041 0.34870 0.11669 0.82434
1520531090504694016 -202.73978 -77.89175 -7.17116 -0.38566 0.37487 0.11227 0.83554
1520531090604552704 -203.25101 -78.94137 -7.41892 -0.33856 0.37661 0.08226 0.85836
1520531090704555776 -203.71877 -80.03575 -7.66583 -0.29035 0.33441 0.01492 0.89646
1520531090804558848 -204.08987 -81.12636 -7.89806 -0.25927 0.25764 -0.05497 0.92918
1520531090904561664 -204.37334 -82.32684 -8.14160 -0.25166 0.15689 -0.10366 0.94937
1520531091005216000 -204.70003 -83.57288 -8.37851 -0.27199 0.06784 -0.15233 0.94774
1520531091105218816 -205.00652 -84.88490 -8.60264 -0.32404 0.02364 -0.24817 0.91261
1520531091205222912 -205.36227 -86.28977 -8.83680 -0.37222 0.01193 -0.37242 0.85006
1520531091305225728 -205.71141 -87.74930 -9.08490 -0.41669 0.01762 -0.44769 0.79096
1520531091404199936 -206.06836 -89.25272 -9.35724 -0.45734 0.03267 -0.47739 0.74958
1520531091504202752 -206.37937 -90.76936 -9.65896 -0.49621 0.00534 -0.40854 0.76606
1520531091604205824 -206.65793 -92.26340 -9.98400 0.53051 0.05837 0.28099 -0.79762
1520531091704208896 -206.68252 -93.71612 -10.29931 0.55833 0.12211 0.15961 -0.80491
1520531091804005632 -206.88557 -95.27029 -10.62239 0.57824 0.18183 0.06269 -0.79287
1520531091904008704 -207.15501 -96.95130 -10.97442 0.58672 0.20425 0.02783 -0.78312
1520531092004011520 -207.37639 -98.71629 -11.32274 0.61503 0.14465 0.10292 -0.76826
1520531092104014592 -207.56648 -100.54496 -11.67655 0.67270 0.04787 0.22865 -0.70207
1520531092205415936 -207.71652 -102.41713 -12.06255 0.74117 0.01164 0.29513 -0.60285
1520531092305419008 -207.84613 -104.33073 -12.48372 0.80193 0.04009 0.27962 -0.52641
1520531092405422080 -207.92560 -106.28433 -12.92820 0.83579 0.08427 0.23680 -0.48814
1520531092505424896 -208.00425 -108.30082 -13.38124 0.81927 0.10133 0.22788 -0.51633
1520531092604107776 -208.02437 -110.25733 -13.82224 0.76411 0.09110 0.24384 -0.59024
1520531092704110848 -208.04556 -112.35901 -14.30318 0.69041 0.06537 0.25213 -0.67490
1520531092804114944 -208.03336 -114.50699 -14.80414 0.60707 0.02777 0.26121 -0.74997
1520531092904117760 -207.98538 -116.70596 -15.32009 0.53427 0.00279 0.26724 -0.80196
1520531093004462080 -207.94164 -118.95665 -15.85658 0.54774 0.00036 0.26163 -0.79469
1520531093104464896 -207.84916 -121.25155 -16.40472 0.64622 0.02197 0.27307 -0.71229
1520531093204467968 -207.67940 -123.62601 -16.97708 0.76366 0.06828 0.28084 -0.57732
1520531093304471040 -207.55334 -126.06090 -17.58091 0.86687 0.11793 0.23960 -0.42097
1520531093404343040 -207.34976 -128.46258 -18.20436 0.89714 0.17593 0.25512 -0.31481
1520531093504346112 -207.11883 -131.01208 -18.83239 0.85505 0.22726 0.38535 -0.26218
1520531093604349184 -206.84789 -133.58286 -19.48990 0.78160 0.26345 0.52455 -0.21108
1520531093704353024 -206.57849 -136.21505 -20.18126 0.69662 0.30752 0.62937 -0.15506
1520531093804356096 -206.24332 -138.85932 -20.89654 0.65352 0.35430 0.65873 -0.11603
1520531093904368384 -205.91701 -141.45217 -21.59338 0.69188 0.37131 0.60341 -0.13902
1520531094004371456 -205.58684 -144.24279 -22.35913 0.77494 0.36118 0.48497 -0.18388
1520531094104374528 -205.22666 -147.09974 -23.15949 0.85100 0.32172 0.35472 -0.21559
1520531094204377344 -204.82416 -150.00884 -23.98370 0.90030 0.26839 0.23955 -0.24503
1520531094304552704 -204.40466 -152.97899 -24.83936 0.92010 0.24379 0.13156 -0.27690
1520531094404556800 -203.99357 -156.04706 -25.73662 0.92250 0.23970 0.02645 -0.30139
1520531094504559872 -203.56963 -159.19872 -26.66665 0.92045 0.24501 -0.04840 -0.30067
1520531094604562688 -203.11269 -162.39174 -27.60750 0.92501 0.26832 -0.00754 -0.26889
1520531094704538880 -202.58662 -165.64141 -28.56743 0.93405 0.26990 0.11262 -0.20500
1520531094804541952 -201.99478 -168.99887 -29.56843 0.93216 0.24919 0.23177 -0.12352
1520531094904547584 -201.51281 -172.45799 -30.61226 0.92074 0.24498 0.29833 -0.05674
1520531095004547840 -200.98549 -175.92872 -31.67485 0.91784 0.26463 0.29483 -0.02497
1520531095104631040 -200.39221 -179.43556 -32.76461 0.92321 0.29909 0.24111 -0.00984
1520531095204575744 -199.73652 -182.97893 -33.88313 0.92357 0.32798 0.19851 -0.00663
1520531095304578816 -199.01228 -186.56112 -35.02364 0.92198 0.33919 0.18685 0.00099
1520531095404582656 -198.23670 -190.21116 -36.18300 0.92825 0.32975 0.17037 0.02433
1520531095504749056 -197.44487 -193.90606 -37.35605 0.93162 0.31615 0.16860 0.06090
1520531095604752128 -196.61902 -197.64908 -38.55155 0.92824 0.32123 0.16967 0.07997
1520531095704754944 -195.80459 -201.25538 -39.70995 0.92132 0.33500 0.16535 0.10771
1520531095804758016 -194.80007 -205.06487 -40.94200 0.91752 0.33141 0.15472 0.15618
1520531095904793088 -193.77999 -208.91441 -42.18479 0.91599 0.31139 0.15849 0.19716
1520531096004795904 -192.66949 -212.78244 -43.44433 0.91025 0.29916 0.16254 0.23566
1520531096104800256 -191.48546 -216.63416 -44.72829 0.89869 0.30396 0.15585 0.27510
1520531096204803328 -190.23438 -220.66467 -46.02463 0.88993 0.30351 0.14773 0.30671
1520531096304551936 -188.97923 -224.68216 -47.34959 0.87967 0.30456 0.14486 0.33533
1520531096404554752 -187.62777 -228.70437 -48.67655 0.87013 0.29939 0.14591 0.36326
1520531096504557824 -186.17419 -232.76168 -50.01643 0.86335 0.29359 0.14300 0.38467
1520531096604560896 -184.70776 -236.84470 -51.36562 0.85428 0.29209 0.14197 0.40588
1520531096704521216 -183.20428 -240.99552 -52.73740 0.84080 0.29493 0.13926 0.43207
1520531096804520192 -181.60136 -245.15776 -54.10487 0.82970 0.29117 0.13286 0.45735
1520531096904523008 -179.97714 -249.33848 -55.47256 0.81822 0.28667 0.12514 0.48236
1520531097004527104 -178.29597 -253.56085 -56.85194 0.80615 0.28060 0.11567 0.50794
1520531097104521984 -176.62978 -257.84526 -58.24462 0.79531 0.28051 0.10034 0.52795
1520531097204525056 -175.00623 -261.92567 -59.56937 0.78500 0.28604 0.08664 0.54263
1520531097304527872 -173.30950 -266.31837 -60.98244 0.77270 0.28683 0.07287 0.56157
1520531097404530944 -171.58310 -270.74363 -62.40705 0.75946 0.28134 0.05792 0.58371
1520531097504478208 -169.80550 -275.19387 -63.83726 0.74465 0.27835 0.04475 0.60499
1520531097604481280 -168.05195 -279.70267 -65.27550 0.73173 0.27047 0.02835 0.62499
1520531097704485120 -166.26979 -284.26455 -66.74325 0.71988 0.26159 0.01347 0.64278
1520531097804488192 -164.44742 -288.85819 -68.21602 0.70638 0.25522 0.00120 0.66022
1520531097904404736 -162.61591 -293.45289 -69.69328 0.68952 0.25249 -0.01152 0.67873
1520531098004407552 -160.76431 -298.08056 -71.17988 0.67098 0.24716 -0.02436 0.69865
1520531098104410624 -158.90243 -302.72371 -72.66249 0.65274 0.24161 -0.03456 0.71719
1520531098204413696 -156.97884 -307.44614 -74.16092 0.63170 0.24340 -0.03602 0.73513
1520531098304417536 -155.01800 -312.18096 -75.67268 0.61058 0.24434 -0.03660 0.75243
1520531098404354560 -153.09086 -316.92344 -77.18435 0.59106 0.24150 -0.04384 0.76838
1520531098504357632 -151.22870 -321.70372 -78.68896 0.57112 0.23783 -0.05062 0.78403
1520531098604361472 -149.34741 -326.52383 -80.20362 0.54980 0.23560 -0.05329 0.79961
1520531098704364544 -147.43080 -331.31649 -81.71851 0.52789 0.23199 -0.05666 0.81505
1520531098804418304 -145.65250 -335.85480 -83.15094 0.50815 0.22352 -0.06044 0.82956
1520531098904421376 -143.75886 -340.67286 -84.65267 0.48990 0.21049 -0.06114 0.84377
1520531099004424448 -141.90024 -345.45439 -86.15281 0.47173 0.20843 -0.05553 0.85495
1520531099104427264 -140.11954 -350.25209 -87.63821 0.45419 0.20683 -0.05571 0.86477
1520531099204498176 -138.35473 -355.06183 -89.11167 0.44111 0.19547 -0.05644 0.87409
1520531099304502272 -136.75423 -359.90121 -90.57488 0.42742 0.18760 -0.05229 0.88283
1520531099404505344 -135.18125 -364.72550 -92.02590 0.40795 0.18160 -0.05228 0.89324
1520531099504509184 -133.75541 -369.52497 -93.45073 0.38792 0.17158 -0.05758 0.90375
1520531099604621056 -132.38817 -374.35291 -94.86598 0.36342 0.16134 -0.06131 0.91550
1520531099704623872 -131.03534 -379.18458 -96.27774 0.33508 0.15079 -0.06704 0.92763
1520531099804626944 -129.66545 -384.00531 -97.68313 0.30411 0.14413 -0.07255 0.93887
1520531099904630016 -128.19501 -388.80420 -99.09552 0.27537 0.13464 -0.07887 0.94859
1520531100004679680 -126.62023 -393.62083 -100.51508 0.24699 0.12819 -0.08240 0.95696
1520531100104682752 -124.95389 -398.46105 -101.94527 0.21538 0.12249 -0.07879 0.96561
1520531100204686592 -123.13628 -402.90216 -103.49467 0.18229 0.11053 -0.08458 0.97334
1520531100304689664 -121.31392 -407.98556 -104.89557 0.14992 0.09966 -0.10000 0.97857
1520531100404708096 -119.44126 -413.21373 -106.32951 0.11689 0.10392 -0.11115 0.98142
1520531100504711168 -117.57807 -417.89016 -107.75927 0.08018 0.11753 -0.12119 0.98238
1520531100604714240 -115.70841 -422.93867 -109.24300 0.03694 0.13050 -0.12962 0.98224
1520531100704717056 -113.81722 -428.01840 -110.73439 -0.01044 0.13677 -0.14221 0.98029
1520531100804596992 -111.90360 -433.12968 -112.23540 -0.05029 0.13295 -0.15427 0.97775
1520531100904598784 -109.74471 -438.49341 -113.80959 -0.08876 0.12670 -0.16049 0.97484
1520531101004602880 -107.65254 -443.39441 -115.43752 -0.12734 0.11801 -0.16103 0.97156
1520531101104605952 -105.50690 -448.77058 -116.99059 -0.15570 0.10019 -0.17719 0.96660
1520531101204531968 -103.44372 -454.01783 -118.56169 -0.17603 0.09064 -0.19530 0.96055
1520531101304535040 -101.35693 -459.29651 -120.14484 -0.19501 0.08362 -0.18670 0.95923
1520531101404537856 -99.24739 -464.61074 -121.73838 -0.21135 0.07866 -0.17871 0.95771
1520531101504540928 -97.11662 -469.96313 -123.34218 -0.22433 0.06976 -0.18013 0.95518
1520531101604633856 -94.96885 -475.35664 -124.95710 -0.24157 0.05510 -0.18434 0.95112
1520531101704592896 -92.16052 -480.44300 -126.62319 -0.25501 0.04073 -0.19128 0.94695
1520531101804596992 -89.69163 -485.63754 -128.29270 -0.26877 0.02537 -0.18981 0.94398
1520531101904599808 -87.21043 -491.01406 -129.93332 -0.28635 0.01218 -0.18871 0.93928
1520531102004862464 -84.90452 -496.52062 -131.58721 -0.30762 -0.00049 -0.19504 0.93130
1520531102104865536 -82.37428 -501.20615 -133.22769 -0.33000 -0.00414 -0.19701 0.92318
1520531102204868608 -79.30964 -506.15344 -134.81807 -0.35419 -0.00620 -0.20019 0.91347
1520531102304871680 -76.34584 -511.22408 -136.44744 -0.38062 -0.00615 -0.20521 0.90165
1520531102405017600 -73.33604 -516.20867 -138.07925 -0.40748 -0.00702 -0.20892 0.88897
1520531102505020672 -70.71049 -521.63948 -139.77684 -0.43760 -0.01002 -0.21051 0.87412
1520531102605024512 -68.11705 -527.19670 -141.48415 -0.46589 -0.01335 -0.20722 0.86013
1520531102705027584 -65.50428 -532.80059 -143.20379 -0.49069 -0.01841 -0.21076 0.84526
1520531102805031424 -62.87048 -538.45284 -144.93718 0.51852 0.02366 0.21457 -0.82737
1520531102904974336 -58.00093 -541.47871 -146.25957 0.54101 0.01394 0.20697 -0.81503
1520531103004977152 -54.98891 -546.47768 -147.87261 0.56396 0.01737 0.21085 -0.79824
1520531103104980224 -52.04762 -551.93292 -149.58579 0.58693 0.02534 0.21359 -0.78055
1520531103204984320 -49.07339 -557.42855 -151.31287 0.61319 0.03217 0.21619 -0.75909
1520531103304968960 -46.03935 -562.89976 -153.04416 0.63523 0.03752 0.21839 -0.73985
1520531103404973056 -43.01466 -568.47928 -154.79742 0.65652 0.04430 0.21690 -0.72110
1520531103504976128 -39.95293 -574.09910 -156.56445 0.67844 0.05038 0.21792 -0.69978
1520531103604978944 -36.86464 -579.76564 -158.34673 0.69999 0.05806 0.22067 -0.67672
1520531103704994816 -32.98969 -583.59013 -159.49112 0.71989 0.05421 0.20617 -0.66054
